$hpcperfstats 2.4
$hostname node0.mimesys-workload.ldos-ut-pg0.wisc.cloudlab.us
$uname Linux x86_64 5.15.0-168-generic #178-Ubuntu SMP Fri Jan 9 19:05:03 UTC 2026
$uptime 29536
!block rd_ios,E rd_merges,E rd_sectors,E,U=512B rd_ticks,E,U=ms wr_ios,E wr_merges,E wr_sectors,E,U=512B wr_ticks,E,U=ms in_flight io_ticks,E,U=ms time_in_queue,E,U=ms
!cpu user,E,U=cs nice,E,U=cs system,E,U=cs idle,E,U=cs iowait,E,U=cs irq,E,U=cs softirq,E,U=cs
!ib excessive_buffer_overrun_errors,E,W=32 link_downed,E,W=32 link_error_recovery,E,W=32 local_link_integrity_errors,E,W=32 port_rcv_constraint_errors,E,W=32 port_rcv_data,E,U=4B,W=32 port_rcv_errors,E,W=32 port_rcv_packets,E,W=32 port_rcv_remote_physical_errors,E,W=32 port_rcv_switch_relay_errors,E,W=32 port_xmit_constraint_errors,E,W=32 port_xmit_data,E,U=4B,W=32 port_xmit_discards,E,W=32 port_xmit_packets,E,W=32 port_xmit_wait,E,U=ms,W=32 symbol_error,E,W=32 VL15_dropped,E,W=32
!ib_ext port_select,C counter_select,C port_xmit_data,E,U=4B port_rcv_data,E,U=4B port_xmit_pkts,E port_rcv_pkts,E port_unicast_xmit_pkts,E port_unicast_rcv_pkts,E port_multicast_xmit_pkts,E port_multicast_rcv_pkts,E
!ib_sw rx_bytes,E,U=4B rx_packets,E tx_bytes,E,U=4B tx_packets,E
!mem MemTotal,U=KB MemFree,U=KB MemUsed,U=KB Active,U=KB Inactive,U=KB Dirty,U=KB Writeback,U=KB FilePages,U=KB Mapped,U=KB AnonPages,U=KB PageTables,U=KB NFS_Unstable,U=KB Bounce,U=KB Slab,U=KB AnonHugePages,U=KB HugePages_Total HugePages_Free
!net collisions,E multicast,E rx_bytes,E,U=B rx_compressed,E rx_crc_errors,E rx_dropped,E rx_errors,E rx_fifo_errors,E rx_frame_errors,E rx_length_errors,E rx_missed_errors,E rx_over_errors,E rx_packets,E tx_aborted_errors,E tx_bytes,E,U=B tx_carrier_errors,E tx_compressed,E tx_dropped,E tx_errors,E tx_fifo_errors,E tx_heartbeat_errors,E tx_packets,E tx_window_errors,E
!numa numa_hit,E numa_miss,E numa_foreign,E interleave_hit,E local_node,E other_node,E
!ps ctxt,E processes,E load_1 load_5 load_15 nr_running nr_threads
!sysv_shm mem_used,U=B segs_used
!tmpfs bytes_used,U=B files_used
!vfs dentry_use file_use inode_use
!vm nr_anon_transparent_hugepages pgpgin,E,U=KB pgpgout,E,U=KB pswpin,E pswpout,E pgalloc_normal,E pgfree,E pgactivate,E pgdeactivate,E pgfault,E pgmajfault,E pgrefill_normal,E pgsteal_normal,E pgscan_kswapd_normal,E pgscan_direct_normal,E pginodesteal,E slabs_scanned,E kswapd_steal,E kswapd_inodesteal,E pageoutrun,E allocstall,E pgrotated,E thp_fault_alloc,E thp_fault_fallback,E thp_collapse_alloc,E thp_collapse_alloc_failed,E thp_split,E

1778474755.076933 0 node0.mimesys-workload.ldos-ut-pg0.wisc.cloudlab.us
%begin -
block sda 444925 207827 36753335 264002 2595080 17602365 862532125 12817096 2 2135816 13342787
block sdb 479 0 7540 438 4 0 0 0 0 556 439
cpu 11 166342 0 50499 2719600 6806 0 5
cpu 10 192745 0 45215 2699697 8876 0 4
cpu 13 161128 0 45563 2730046 6484 0 2
cpu 12 164528 0 44567 2728399 6935 0 1
cpu 15 163570 0 43582 2729919 6464 0 2
cpu 14 157316 0 44842 2735831 6439 0 3
cpu 17 149044 0 43761 2744441 6641 0 1
cpu 16 158382 0 42321 2738171 5871 0 1
cpu 19 129784 0 29740 2778931 6195 0 0
cpu 18 175604 0 30020 2733555 5736 0 2
cpu 1 146264 0 33538 2751485 7913 0 686
cpu 0 142884 45 32248 2731606 9541 0 1148
cpu 3 167763 0 50579 2716783 7209 0 595
cpu 2 161258 0 46154 2726121 9006 0 189
cpu 5 167317 0 50917 2718425 7121 0 453
cpu 4 162672 1 51131 2721784 7438 0 111
cpu 7 158756 0 50222 2728007 6271 0 539
cpu 6 181446 0 49926 2705092 7552 0 324
cpu 9 160969 0 50930 2722035 7646 0 376
cpu 8 156108 0 56768 2723185 6024 0 334
mem 1 99033092 97137372 1895720 75144 1200324 20 0 1100884 70240 174644 3492 0 0 175060 0 0 0
mem 0 97636988 60134412 37502576 625288 35758788 0 0 35899492 3420788 488052 15716 0 0 462132 4096 0 0
net lo 0 0 2234773 0 0 0 0 0 0 0 0 0 18777 0 2234773 0 0 0 0 0 0 18777 0
net eno1 0 146982 40322163475 0 0 337 0 0 0 0 0 0 30099971 0 1189072885 0 0 0 0 0 0 5935062 0
net vnet31 0 0 81879 0 0 0 0 0 0 0 0 0 333 0 47735 0 0 0 0 0 0 340 0
net virbr0 0 688 9959577310 0 0 0 0 0 0 0 0 0 39710887 0 38378813576 0 0 0 0 0 0 23504240 0
numa 1 95419065 18781169 10118603 29535 95374823 18825411
numa 0 95768802 10118603 18781169 29710 95767601 10119814
ps - 482797953 157148 252 153 117 1 691
sysv_shm - 0 0
tmpfs /run/lock 0 6
tmpfs /run 2080768 1098
tmpfs /run/user/20029 0 20
tmpfs /run/qemu 0 1
tmpfs /dev/shm 37614055424 105300
vfs - 133508 4384 183439
vm - 2 18380471 431266062 251897 1617408 218610634 263971216 70567106 6397050 157727555 52437 0 0 0 0 0 1811072 0 311878 5997 0 1616633 66 0 3 0 0

1778474755.123930 0 node0.mimesys-workload.ldos-ut-pg0.wisc.cloudlab.us
block sda 444927 207827 36753471 264003 2595080 17602365 862532125 12817096 0 2135816 13342787
block sdb 479 0 7540 438 4 0 0 0 0 556 439
cpu 11 166343 0 50500 2719603 6806 0 5
cpu 10 192745 0 45215 2699701 8876 0 4
cpu 13 161129 0 45564 2730049 6484 0 2
cpu 12 164528 0 44567 2728404 6935 0 1
cpu 15 163570 0 43582 2729924 6464 0 2
cpu 14 157316 0 44842 2735835 6439 0 3
cpu 17 149044 0 43761 2744445 6641 0 1
cpu 16 158382 0 42322 2738175 5871 0 1
cpu 19 129784 0 29740 2778935 6195 0 0
cpu 18 175605 0 30020 2733560 5736 0 2
cpu 1 146265 0 33538 2751489 7913 0 686
cpu 0 142884 45 32248 2731610 9541 0 1148
cpu 3 167764 0 50579 2716788 7209 0 595
cpu 2 161260 0 46156 2726122 9006 0 189
cpu 5 167319 0 50918 2718427 7121 0 453
cpu 4 162672 1 51132 2721788 7438 0 111
cpu 7 158757 0 50222 2728010 6271 0 539
cpu 6 181447 0 49926 2705096 7552 0 324
cpu 9 160972 0 50930 2722037 7646 0 376
cpu 8 156109 0 56769 2723189 6024 0 334
mem 1 99033092 97136368 1896724 75148 1200800 20 0 1100884 71128 175576 3504 0 0 175060 0 0 0
mem 0 97636988 60132900 37504088 625292 35760744 0 0 35899496 3420736 490020 15780 0 0 462132 4096 0 0
net lo 0 0 2236603 0 0 0 0 0 0 0 0 0 18789 0 2236603 0 0 0 0 0 0 18789 0
net eno1 0 146982 40322165071 0 0 337 0 0 0 0 0 0 30099980 0 1189073219 0 0 0 0 0 0 5935066 0
net vnet31 0 0 81879 0 0 0 0 0 0 0 0 0 333 0 47735 0 0 0 0 0 0 340 0
net virbr0 0 688 9959577310 0 0 0 0 0 0 0 0 0 39710887 0 38378813576 0 0 0 0 0 0 23504240 0
numa 1 95420066 18781169 10118603 29535 95375824 18825411
numa 0 95769867 10118603 18781169 29710 95768666 10119814
ps - 482798632 157160 252 153 117 4 699
sysv_shm - 0 0
tmpfs /run/lock 0 6
tmpfs /run 2080768 1098
tmpfs /run/user/20029 0 20
tmpfs /run/qemu 0 1
tmpfs /dev/shm 37614055424 105300
vfs - 133522 4464 183472
vm - 2 18380471 431266062 251897 1617408 218612718 263972209 70567110 6397050 157730812 52437 0 0 0 0 0 1811072 0 311878 5997 0 1616633 66 0 3 0 0

1778474756.164904 0 node0.mimesys-workload.ldos-ut-pg0.wisc.cloudlab.us
block sda 444942 207827 36753591 264044 2595270 17602508 862614365 12817474 0 2135944 13343207
block sdb 479 0 7540 438 4 0 0 0 0 556 439
cpu 11 166344 0 50503 2719703 6806 0 5
cpu 10 192746 0 45217 2699802 8876 0 4
cpu 13 161132 0 45567 2730146 6484 0 2
cpu 12 164529 0 44569 2728504 6935 0 1
cpu 15 163571 0 43583 2730024 6464 0 2
cpu 14 157318 0 44843 2735937 6439 0 3
cpu 17 149045 0 43763 2744545 6641 0 1
cpu 16 158389 0 42324 2738270 5871 0 1
cpu 19 129784 0 29742 2779037 6195 0 0
cpu 18 175611 0 30023 2733655 5736 0 2
cpu 1 146280 0 33542 2751568 7916 0 686
cpu 0 142908 45 32248 2731687 9544 0 1148
cpu 3 167780 0 50581 2716868 7212 0 595
cpu 2 161271 0 46157 2726209 9009 0 189
cpu 5 167341 0 50919 2718506 7121 0 453
cpu 4 162688 1 51132 2721871 7440 0 111
cpu 7 158776 0 50223 2728089 6276 0 539
cpu 6 181477 0 49927 2705167 7552 0 324
cpu 9 160979 0 50930 2722135 7646 0 376
cpu 8 156110 0 56771 2723289 6024 0 334
mem 1 99033092 97134604 1898488 75388 1202644 288 0 1101148 70720 177508 3740 0 0 175060 0 0 0
mem 0 97636988 60129624 37507364 625528 35760384 200 0 35900672 3421892 488988 15824 0 0 462140 4096 0 0
net lo 0 0 2237770 0 0 0 0 0 0 0 0 0 18797 0 2237770 0 0 0 0 0 0 18797 0
net eno1 0 146982 40322171108 0 0 337 0 0 0 0 0 0 30100071 0 1189074837 0 0 0 0 0 0 5935074 0
net vnet31 0 0 89975 0 0 0 0 0 0 0 0 0 377 0 56417 0 0 0 0 0 0 373 0
net virbr0 0 688 9959584790 0 0 0 0 0 0 0 0 0 39710931 0 38378822258 0 0 0 0 0 0 23504273 0
numa 1 95427074 18781169 10118603 29535 95382832 18825411
numa 0 95771674 10118603 18781169 29710 95770473 10119814
ps - 482808215 157216 252 153 117 4 696
sysv_shm - 0 0
tmpfs /run/lock 0 6
tmpfs /run 2080768 1098
tmpfs /run/user/20029 0 20
tmpfs /run/qemu 0 1
tmpfs /dev/shm 37614075904 105306
vfs - 133526 4504 183516
vm - 2 18380531 431307182 251897 1617408 218621529 263980649 70567172 6397050 157743981 52437 0 0 0 0 0 1811072 0 311878 5997 0 1616633 66 0 3 0 0

1778474757.203170 0 node0.mimesys-workload.ldos-ut-pg0.wisc.cloudlab.us
block sda 444947 207827 36753787 264046 2595270 17602508 862614365 12817474 0 2135952 13343209
block sdb 479 0 7540 438 4 0 0 0 0 556 439
cpu 11 166345 0 50504 2719804 6806 0 5
cpu 10 192746 0 45218 2699904 8876 0 4
cpu 13 161132 0 45569 2730248 6484 0 2
cpu 12 164530 0 44570 2728607 6935 0 1
cpu 15 163572 0 43584 2730125 6464 0 2
cpu 14 157319 0 44845 2736039 6439 0 3
cpu 17 149046 0 43767 2744644 6641 0 1
cpu 16 158390 0 42326 2738371 5871 0 1
cpu 19 129786 0 29743 2779139 6195 0 0
cpu 18 175611 0 30024 2733757 5736 0 2
cpu 1 146320 0 33543 2751627 7916 0 687
cpu 0 142920 45 32252 2731772 9544 0 1148
cpu 3 167814 0 50584 2716936 7212 0 595
cpu 2 161328 0 46162 2726249 9009 0 189
cpu 5 167388 0 50923 2718559 7121 0 453
cpu 4 162703 1 51134 2721958 7440 0 111
cpu 7 158801 0 50224 2728163 6276 0 539
cpu 6 181541 0 49933 2705200 7552 0 324
cpu 9 160979 0 50930 2722238 7646 0 376
cpu 8 156111 0 56774 2723389 6024 0 334
mem 1 99033092 97135620 1897472 75424 1201172 316 0 1101152 69976 175548 3644 0 0 175028 0 0 0
mem 0 97636988 60127860 37509128 625584 35762764 228 0 35903028 3424228 488952 15880 0 0 462100 4096 0 0
net lo 0 0 2238327 0 0 0 0 0 0 0 0 0 18801 0 2238327 0 0 0 0 0 0 18801 0
net eno1 0 146988 40322177291 0 0 337 0 0 0 0 0 0 30100166 0 1189076074 0 0 0 0 0 0 5935079 0
net vnet31 0 0 91843 0 0 0 0 0 0 0 0 0 387 0 57467 0 0 0 0 0 0 383 0
net virbr0 0 688 9959586518 0 0 0 0 0 0 0 0 0 39710941 0 38378823256 0 0 0 0 0 0 23504282 0
numa 1 95432448 18781169 10118603 29535 95388193 18825411
numa 0 95772190 10118603 18781169 29710 95770989 10119814
ps - 482819432 157264 252 153 117 4 696
sysv_shm - 0 0
tmpfs /run/lock 0 6
tmpfs /run 2080768 1098
tmpfs /run/user/20029 0 20
tmpfs /run/qemu 0 1
tmpfs /dev/shm 37614075904 105306
vfs - 133526 4624 183537
vm - 2 18380629 431307182 251897 1617408 218627390 263986578 70567176 6397050 157753069 52438 0 0 0 0 0 1811072 0 311878 5997 0 1616633 66 0 3 0 0

1778474758.243010 0 node0.mimesys-workload.ldos-ut-pg0.wisc.cloudlab.us
block sda 444947 207827 36753787 264046 2595315 17602510 862615493 12817489 0 2135964 13343224
block sdb 479 0 7540 438 4 0 0 0 0 556 439
cpu 11 166346 0 50506 2719906 6806 0 5
cpu 10 192749 0 45221 2700002 8876 0 4
cpu 13 161132 0 45571 2730350 6484 0 2
cpu 12 164531 0 44571 2728707 6935 0 1
cpu 15 163574 0 43588 2730223 6464 0 2
cpu 14 157320 0 44846 2736140 6439 0 3
cpu 17 149047 0 43767 2744747 6641 0 1
cpu 16 158390 0 42326 2738474 5871 0 1
cpu 19 129786 0 29745 2779240 6195 0 0
cpu 18 175618 0 30026 2733852 5736 0 2
cpu 1 146358 0 33543 2751690 7916 0 687
cpu 0 142939 45 32259 2731852 9544 0 1148
cpu 3 167852 0 50584 2716999 7212 0 595
cpu 2 161391 0 46169 2726283 9009 0 189
cpu 5 167424 0 50933 2718617 7121 0 453
cpu 4 162722 1 51136 2722038 7440 0 111
cpu 7 158843 0 50225 2728223 6276 0 539
cpu 6 181577 0 49936 2705264 7552 0 324
cpu 9 160980 0 50930 2722341 7646 0 376
cpu 8 156112 0 56776 2723490 6024 0 334
mem 1 99033092 97135368 1897724 75444 1202328 216 0 1101192 70668 176744 3568 0 0 174996 0 0 0
mem 0 97636988 60127608 37509380 625604 35763300 184 0 35903592 3424792 488864 15920 0 0 462052 4096 0 0
net lo 0 0 2239494 0 0 0 0 0 0 0 0 0 18809 0 2239494 0 0 0 0 0 0 18809 0
net eno1 0 146988 40322183820 0 0 337 0 0 0 0 0 0 30100260 0 1189076586 0 0 0 0 0 0 5935084 0
net vnet31 0 0 96151 0 0 0 0 0 0 0 0 0 406 0 61729 0 0 0 0 0 0 399 0
net virbr0 0 688 9959590560 0 0 0 0 0 0 0 0 0 39710960 0 38378827518 0 0 0 0 0 0 23504298 0
numa 1 95439027 18781169 10118603 29535 95394772 18825411
numa 0 95772742 10118603 18781169 29710 95771541 10119814
ps - 482831928 157315 252 153 117 4 696
sysv_shm - 0 0
tmpfs /run/lock 0 6
tmpfs /run 2080768 1098
tmpfs /run/user/20029 0 20
tmpfs /run/qemu 0 1
tmpfs /dev/shm 37614075904 105306
vfs - 133531 4664 183566
vm - 2 18380629 431307746 251897 1617408 218634524 263993019 70567187 6397050 157765596 52438 0 0 0 0 0 1811072 0 311878 5997 0 1616633 66 0 3 0 0

1778474759.282186 0 node0.mimesys-workload.ldos-ut-pg0.wisc.cloudlab.us
block sda 444947 207827 36753787 264046 2595316 17602510 862615557 12817489 0 2135968 13343224
block sdb 479 0 7540 438 4 0 0 0 0 556 439
cpu 11 166346 0 50506 2720008 6806 0 5
cpu 10 192750 0 45223 2700103 8876 0 4
cpu 13 161132 0 45572 2730452 6484 0 2
cpu 12 164532 0 44573 2728810 6935 0 1
cpu 15 163575 0 43590 2730323 6464 0 2
cpu 14 157320 0 44848 2736243 6439 0 3
cpu 17 149048 0 43768 2744848 6641 0 1
cpu 16 158392 0 42327 2738576 5871 0 1
cpu 19 129786 0 29746 2779342 6195 0 0
cpu 18 175618 0 30027 2733955 5736 0 2
cpu 1 146374 0 33546 2751775 7916 0 687
cpu 0 142954 45 32262 2731936 9544 0 1148
cpu 3 167862 0 50585 2717093 7212 0 595
cpu 2 161423 0 46173 2726351 9009 0 189
cpu 5 167446 0 50934 2718698 7121 0 453
cpu 4 162737 1 51140 2722124 7440 0 111
cpu 7 158885 0 50234 2728276 6276 0 539
cpu 6 181600 0 49936 2705345 7552 0 324
cpu 9 160980 0 50932 2722443 7646 0 376
cpu 8 156112 0 56777 2723593 6024 0 334
mem 1 99033092 97135120 1897972 75456 1200400 232 0 1101196 69980 174880 3828 0 0 174996 0 0 0
mem 0 97636988 60126604 37510384 625604 35764600 196 0 35903872 3425072 489844 15888 0 0 462148 4096 0 0
net lo 0 0 2240051 0 0 0 0 0 0 0 0 0 18813 0 2240051 0 0 0 0 0 0 18813 0
net eno1 0 146995 40322190501 0 0 337 0 0 0 0 0 0 30100358 0 1189077879 0 0 0 0 0 0 5935091 0
net vnet31 0 0 96785 0 0 0 0 0 0 0 0 0 413 0 62207 0 0 0 0 0 0 405 0
net virbr0 0 689 9959591096 0 0 0 0 0 0 0 0 0 39710967 0 38378827944 0 0 0 0 0 0 23504303 0
numa 1 95442822 18781169 10118603 29535 95398567 18825411
numa 0 95774123 10118603 18781169 29710 95772922 10119814
ps - 482840332 157361 248 154 117 2 696
sysv_shm - 0 0
tmpfs /run/lock 0 6
tmpfs /run 2080768 1098
tmpfs /run/user/20029 0 20
tmpfs /run/qemu 0 1
tmpfs /dev/shm 37614075904 105306
vfs - 133523 4544 183513
vm - 2 18380629 431307778 251897 1617408 218639697 263998681 70567211 6397050 157773934 52438 0 0 0 0 0 1811072 0 311878 5997 0 1616633 66 0 3 0 0

1778474760.321744 0 node0.mimesys-workload.ldos-ut-pg0.wisc.cloudlab.us
block sda 444947 207827 36753787 264046 2595320 17602511 862615597 12817492 0 2135972 13343227
block sdb 479 0 7540 438 4 0 0 0 0 556 439
cpu 11 166348 0 50508 2720108 6806 0 5
cpu 10 192751 0 45224 2700205 8876 0 4
cpu 13 161133 0 45574 2730554 6484 0 2
cpu 12 164532 0 44576 2728909 6935 0 1
cpu 15 163579 0 43593 2730418 6464 0 2
cpu 14 157322 0 44849 2736344 6439 0 3
cpu 17 149048 0 43772 2744948 6641 0 1
cpu 16 158392 0 42329 2738677 5871 0 1
cpu 19 129788 0 29746 2779444 6195 0 0
cpu 18 175619 0 30029 2734056 5736 0 2
cpu 1 146411 0 33549 2751838 7916 0 687
cpu 0 142996 45 32264 2731997 9544 0 1148
cpu 3 167908 0 50588 2717146 7212 0 595
cpu 2 161446 0 46177 2726424 9009 0 189
cpu 5 167493 0 50945 2718740 7121 0 453
cpu 4 162767 1 51143 2722194 7440 0 111
cpu 7 158913 0 50238 2728346 6276 0 539
cpu 6 181644 0 49937 2705402 7552 0 324
cpu 9 160989 0 50932 2722536 7646 0 376
cpu 8 156113 0 56779 2723693 6024 0 334
mem 1 99033092 97134616 1898476 75516 1201084 236 0 1101200 69980 175464 3652 0 0 174996 0 0 0
mem 0 97636988 60126356 37510632 625648 35763900 224 0 35904068 3425268 488972 15892 0 0 462140 4096 0 0
net lo 0 0 2241218 0 0 0 0 0 0 0 0 0 18821 0 2241218 0 0 0 0 0 0 18821 0
net eno1 0 146995 40322196845 0 0 337 0 0 0 0 0 0 30100448 0 1189081842 0 0 0 0 0 0 5935103 0
net vnet31 0 0 101789 0 0 0 0 0 0 0 0 0 440 0 66895 0 0 0 0 0 0 426 0
net virbr0 0 689 9959595722 0 0 0 0 0 0 0 0 0 39710994 0 38378832632 0 0 0 0 0 0 23504324 0
numa 1 95449210 18781169 10118603 29535 95404955 18825411
numa 0 95774844 10118603 18781169 29710 95773643 10119814
ps - 482854010 157413 248 154 117 5 696
sysv_shm - 0 0
tmpfs /run/lock 0 6
tmpfs /run 2080768 1098
tmpfs /run/user/20029 0 20
tmpfs /run/qemu 0 1
tmpfs /dev/shm 37614075904 105306
vfs - 133525 4664 183529
vm - 2 18380629 431307798 251897 1617408 218646806 264005722 70567219 6397050 157785156 52438 0 0 0 0 0 1811072 0 311878 5997 0 1616633 66 0 3 0 0

1778474761.359476 0 node0.mimesys-workload.ldos-ut-pg0.wisc.cloudlab.us
block sda 444947 207827 36753787 264046 2595326 17602526 862615765 12817493 0 2135976 13343228
block sdb 479 0 7540 438 4 0 0 0 0 556 439
cpu 11 166349 0 50512 2720208 6806 0 5
cpu 10 192752 0 45225 2700306 8876 0 4
cpu 13 161134 0 45574 2730656 6484 0 2
cpu 12 164534 0 44577 2729010 6935 0 1
cpu 15 163581 0 43596 2730518 6464 0 2
cpu 14 157324 0 44850 2736444 6439 0 3
cpu 17 149050 0 43774 2745047 6641 0 1
cpu 16 158394 0 42330 2738779 5871 0 1
cpu 19 129789 0 29747 2779545 6195 0 0
cpu 18 175622 0 30032 2734155 5736 0 2
cpu 1 146420 0 33550 2751930 7916 0 687
cpu 0 143033 45 32266 2732061 9544 0 1148
cpu 3 167959 0 50590 2717199 7212 0 595
cpu 2 161453 0 46179 2726515 9009 0 189
cpu 5 167533 0 50948 2718801 7121 0 453
cpu 4 162821 1 51150 2722235 7440 0 111
cpu 7 158982 0 50244 2728375 6276 0 539
cpu 6 181655 0 49940 2705494 7552 0 324
cpu 9 160995 0 50932 2722633 7646 0 376
cpu 8 156114 0 56782 2723793 6024 0 334
mem 1 99033092 97134896 1898196 75524 1202860 264 0 1101212 70608 177312 3916 0 0 174996 0 0 0
mem 0 97636988 60126356 37510632 625648 35763964 288 0 35904260 3425512 488892 15960 0 0 462084 4096 0 0
net lo 0 0 2242385 0 0 0 0 0 0 0 0 0 18829 0 2242385 0 0 0 0 0 0 18829 0
net eno1 0 147003 40322203116 0 0 337 0 0 0 0 0 0 30100543 0 1189083368 0 0 0 0 0 0 5935111 0
net vnet31 0 0 104925 0 0 0 0 0 0 0 0 0 457 0 70637 0 0 0 0 0 0 439 0
net virbr0 0 689 9959598620 0 0 0 0 0 0 0 0 0 39711011 0 38378836322 0 0 0 0 0 0 23504336 0
numa 1 95455875 18781169 10118603 29535 95411620 18825411
numa 0 95775058 10118603 18781169 29710 95773857 10119814
ps - 482866110 157464 248 154 117 3 696
sysv_shm - 0 0
tmpfs /run/lock 0 6
tmpfs /run 2080768 1098
tmpfs /run/user/20029 0 20
tmpfs /run/qemu 0 1
tmpfs /dev/shm 37614075904 105306
vfs - 133531 4664 183563
vm - 2 18380629 431307882 251897 1617408 218653686 264012199 70567221 6397050 157797292 52438 0 0 0 0 0 1811072 0 311878 5997 0 1616633 66 0 3 0 0

1778474762.399642 0 node0.mimesys-workload.ldos-ut-pg0.wisc.cloudlab.us
block sda 444947 207827 36753787 264046 2595326 17602526 862615765 12817493 0 2135976 13343228
block sdb 479 0 7540 438 4 0 0 0 0 556 439
cpu 11 166349 0 50514 2720311 6806 0 5
cpu 10 192752 0 45226 2700409 8876 0 4
cpu 13 161135 0 45576 2730757 6484 0 2
cpu 12 164535 0 44578 2729112 6935 0 1
cpu 15 163582 0 43598 2730618 6464 0 2
cpu 14 157325 0 44851 2736546 6439 0 3
cpu 17 149050 0 43775 2745151 6641 0 1
cpu 16 158395 0 42330 2738880 5871 0 1
cpu 19 129789 0 29748 2779648 6195 0 0
cpu 18 175622 0 30032 2734257 5736 0 2
cpu 1 146433 0 33550 2752018 7916 0 687
cpu 0 143061 45 32269 2732136 9544 0 1148
cpu 3 167980 0 50590 2717281 7212 0 595
cpu 2 161483 0 46180 2726588 9009 0 189
cpu 5 167557 0 50948 2718878 7121 0 453
cpu 4 162836 1 51152 2722322 7440 0 111
cpu 7 159020 0 50245 2728439 6276 0 539
cpu 6 181695 0 49943 2705554 7552 0 324
cpu 9 160997 0 50934 2722734 7646 0 376
cpu 8 156116 0 56783 2723894 6024 0 334
mem 1 99033092 97135404 1897688 75520 1199972 276 0 1101212 69980 174428 3580 0 0 174964 0 0 0
mem 0 97636988 60125744 37511244 625664 35765672 304 0 35904596 3425820 490224 16196 0 0 462068 4096 0 0
net lo 0 0 2242942 0 0 0 0 0 0 0 0 0 18833 0 2242942 0 0 0 0 0 0 18833 0
net eno1 0 147003 40322208945 0 0 337 0 0 0 0 0 0 30100632 0 1189084209 0 0 0 0 0 0 5935118 0
net vnet31 0 0 106793 0 0 0 0 0 0 0 0 0 467 0 71635 0 0 0 0 0 0 448 0
net virbr0 0 689 9959600348 0 0 0 0 0 0 0 0 0 39711021 0 38378837320 0 0 0 0 0 0 23504345 0
numa 1 95459555 18781169 10118603 29535 95415300 18825411
numa 0 95776719 10118603 18781169 29710 95775518 10119814
ps - 482873141 157510 248 154 117 2 696
sysv_shm - 0 0
tmpfs /run/lock 0 6
tmpfs /run 2080768 1098
tmpfs /run/user/20029 0 20
tmpfs /run/qemu 0 1
tmpfs /dev/shm 37614075904 105306
vfs - 133523 4664 183513
vm - 2 18380629 431307882 251897 1617408 218659026 264017808 70567225 6397050 157805823 52438 0 0 0 0 0 1811072 0 311878 5997 0 1616633 66 0 3 0 0

1778474763.432864 0 node0.mimesys-workload.ldos-ut-pg0.wisc.cloudlab.us
block sda 444948 207827 36753792 264046 2595355 17602554 862616637 12817501 0 2135992 13343237
block sdb 479 0 7540 438 4 0 0 0 0 556 439
cpu 11 166350 0 50514 2720412 6806 0 5
cpu 10 192754 0 45228 2700507 8876 0 4
cpu 13 161137 0 45578 2730858 6484 0 2
cpu 12 164536 0 44580 2729212 6935 0 1
cpu 15 163583 0 43599 2730718 6464 0 2
cpu 14 157325 0 44852 2736647 6439 0 3
cpu 17 149051 0 43776 2745252 6641 0 1
cpu 16 158397 0 42331 2738980 5871 0 1
cpu 19 129790 0 29749 2779749 6195 0 0
cpu 18 175624 0 30034 2734356 5736 0 2
cpu 1 146496 0 33551 2752059 7916 0 687
cpu 0 143095 45 32270 2732202 9544 0 1148
cpu 3 168030 0 50597 2717327 7212 0 595
cpu 2 161524 0 46188 2726642 9009 0 189
cpu 5 167593 0 50950 2718942 7121 0 453
cpu 4 162866 1 51157 2722387 7440 0 111
cpu 7 159054 0 50246 2728505 6276 0 539
cpu 6 181722 0 49947 2705623 7552 0 324
cpu 9 160997 0 50934 2722836 7646 0 376
cpu 8 156117 0 56786 2723992 6024 0 334
mem 1 99033092 97133136 1899956 79100 1198284 256 0 1101224 70792 176272 3996 0 0 174964 0 0 0
mem 0 97636988 60125996 37510992 627000 35763948 296 0 35904692 3425892 489712 16156 0 0 462036 4096 0 0
net lo 0 0 2244109 0 0 0 0 0 0 0 0 0 18841 0 2244109 0 0 0 0 0 0 18841 0
net eno1 0 147012 40322215648 0 0 337 0 0 0 0 0 0 30100734 0 1189085669 0 0 0 0 0 0 5935125 0
net vnet31 0 0 111797 0 0 0 0 0 0 0 0 0 494 0 76309 0 0 0 0 0 0 469 0
net virbr0 0 689 9959604974 0 0 0 0 0 0 0 0 0 39711048 0 38378841942 0 0 0 0 0 0 23504365 0
numa 1 95465976 18781169 10118603 29535 95421721 18825411
numa 0 95777458 10118603 18781169 29710 95776257 10119814
ps - 482885216 157562 284 163 120 4 696
sysv_shm - 0 0
tmpfs /run/lock 0 6
tmpfs /run 2080768 1098
tmpfs /run/user/20029 0 20
tmpfs /run/qemu 0 1
tmpfs /dev/shm 37614075904 105306
vfs - 133525 4504 183531
vm - 2 18380632 431308318 251897 1617408 218666191 264024848 70569209 6397050 157817089 52438 0 0 0 0 0 1811072 0 311878 5997 0 1616633 66 0 3 0 0

1778474764.469968 0 node0.mimesys-workload.ldos-ut-pg0.wisc.cloudlab.us
block sda 444954 207827 36754120 264048 2595355 17602554 862616637 12817501 0 2136004 13343239
block sdb 479 0 7540 438 4 0 0 0 0 556 439
cpu 11 166350 0 50516 2720514 6806 0 5
cpu 10 192756 0 45232 2700606 8876 0 4
cpu 13 161137 0 45579 2730960 6484 0 2
cpu 12 164537 0 44582 2729315 6935 0 1
cpu 15 163584 0 43602 2730819 6464 0 2
cpu 14 157326 0 44852 2736749 6439 0 3
cpu 17 149054 0 43778 2745351 6641 0 1
cpu 16 158398 0 42334 2739080 5871 0 1
cpu 19 129790 0 29750 2779852 6195 0 0
cpu 18 175626 0 30035 2734457 5736 0 2
cpu 1 146520 0 33554 2752136 7916 0 687
cpu 0 143126 45 32273 2732271 9544 0 1148
cpu 3 168046 0 50599 2717409 7212 0 595
cpu 2 161589 0 46196 2726671 9009 0 189
cpu 5 167614 0 50956 2719017 7121 0 453
cpu 4 162883 1 51159 2722471 7440 0 111
cpu 7 159080 0 50249 2728578 6276 0 539
cpu 6 181740 0 49950 2705704 7552 0 324
cpu 9 160998 0 50934 2722938 7646 0 376
cpu 8 156118 0 56788 2724092 6024 0 334
mem 1 99033092 97131880 1901212 92876 1183808 276 0 1101224 70984 176472 3724 0 0 174900 0 0 0
mem 0 97636988 60125492 37511496 634840 35755568 304 0 35905136 3426576 488920 16028 0 0 462116 4096 0 0
net lo 0 0 2245276 0 0 0 0 0 0 0 0 0 18849 0 2245276 0 0 0 0 0 0 18849 0
net eno1 0 147012 40322221525 0 0 337 0 0 0 0 0 0 30100824 0 1189086984 0 0 0 0 0 0 5935131 0
net vnet31 0 0 111962 0 0 0 0 0 0 0 0 0 496 0 76491 0 0 0 0 0 0 471 0
net virbr0 0 689 9959605111 0 0 0 0 0 0 0 0 0 39711050 0 38378842124 0 0 0 0 0 0 23504367 0
numa 1 95471647 18781169 10118603 29535 95427392 18825411
numa 0 95777827 10118603 18781169 29710 95776626 10119814
ps - 482897625 157612 284 163 120 4 697
sysv_shm - 0 0
tmpfs /run/lock 0 6
tmpfs /run 2080768 1098
tmpfs /run/user/20029 0 20
tmpfs /run/qemu 0 1
tmpfs /dev/shm 37614075904 105306
vfs - 133534 4664 183556
vm - 2 18380796 431308318 251897 1617408 218672244 264030316 70574226 6397050 157827418 52438 0 0 0 0 0 1811072 0 311878 5997 0 1616633 66 0 3 0 0

1778474765.507375 0 node0.mimesys-workload.ldos-ut-pg0.wisc.cloudlab.us
block sda 444954 207827 36754120 264048 2595357 17602554 862616661 12817502 0 2136008 13343240
block sdb 479 0 7540 438 4 0 0 0 0 556 439
cpu 11 166350 0 50517 2720616 6806 0 5
cpu 10 192758 0 45235 2700705 8876 0 4
cpu 13 161137 0 45580 2731062 6484 0 2
cpu 12 164539 0 44583 2729414 6935 0 1
cpu 15 163586 0 43602 2730920 6464 0 2
cpu 14 157328 0 44856 2736848 6439 0 3
cpu 17 149056 0 43781 2745449 6641 0 1
cpu 16 158399 0 42335 2739180 5871 0 1
cpu 19 129792 0 29750 2779953 6195 0 0
cpu 18 175626 0 30037 2734559 5736 0 2
cpu 1 146546 0 33556 2752211 7916 0 687
cpu 0 143169 45 32275 2732330 9544 0 1148
cpu 3 168098 0 50600 2717457 7212 0 595
cpu 2 161647 0 46198 2726714 9009 0 189
cpu 5 167666 0 50957 2719066 7121 0 453
cpu 4 162951 1 51162 2722504 7440 0 111
cpu 7 159114 0 50253 2728642 6276 0 539
cpu 6 181779 0 49952 2705767 7552 0 324
cpu 9 160998 0 50934 2723041 7646 0 376
cpu 8 156118 0 56788 2724195 6024 0 334
mem 1 99033092 97131628 1901464 95004 1181284 280 0 1101224 69984 175612 3684 0 0 174908 0 0 0
mem 0 97636988 60124736 37512252 635532 35755044 344 0 35905252 3426444 488876 16032 0 0 462124 4096 0 0
net lo 0 0 2245833 0 0 0 0 0 0 0 0 0 18853 0 2245833 0 0 0 0 0 0 18853 0
net eno1 0 147022 40322228500 0 0 337 0 0 0 0 0 0 30100932 0 1189087559 0 0 0 0 0 0 5935135 0
net vnet31 0 0 116834 0 0 0 0 0 0 0 0 0 521 0 81231 0 0 0 0 0 0 493 0
net virbr0 0 689 9959609633 0 0 0 0 0 0 0 0 0 39711075 0 38378846812 0 0 0 0 0 0 23504388 0
numa 1 95478135 18781169 10118603 29535 95433880 18825411
numa 0 95778132 10118603 18781169 29710 95776931 10119814
ps - 482907805 157663 284 163 120 2 692
sysv_shm - 0 0
tmpfs /run/lock 0 6
tmpfs /run 2080768 1098
tmpfs /run/user/20029 0 20
tmpfs /run/qemu 0 1
tmpfs /dev/shm 37614075904 105306
vfs - 133519 4664 183492
vm - 2 18380796 431308330 251897 1617408 218679019 264037594 70574933 6397050 157839490 52438 0 0 0 0 0 1811072 0 311878 5997 0 1616633 66 0 3 0 0

1778474766.540115 0 node0.mimesys-workload.ldos-ut-pg0.wisc.cloudlab.us
block sda 444954 207827 36754120 264048 2595357 17602554 862616661 12817502 0 2136008 13343240
block sdb 479 0 7540 438 4 0 0 0 0 556 439
cpu 11 166351 0 50518 2720717 6806 0 5
cpu 10 192759 0 45236 2700807 8876 0 4
cpu 13 161137 0 45581 2731164 6484 0 2
cpu 12 164539 0 44584 2729516 6935 0 1
cpu 15 163587 0 43607 2731019 6464 0 2
cpu 14 157330 0 44857 2736948 6439 0 3
cpu 17 149057 0 43782 2745549 6641 0 1
cpu 16 158401 0 42339 2739278 5871 0 1
cpu 19 129792 0 29751 2780054 6195 0 0
cpu 18 175628 0 30038 2734660 5736 0 2
cpu 1 146588 0 33560 2752267 7916 0 687
cpu 0 143188 45 32276 2732413 9544 0 1148
cpu 3 168140 0 50603 2717514 7212 0 595
cpu 2 161679 0 46200 2726783 9009 0 189
cpu 5 167684 0 50960 2719142 7121 0 453
cpu 4 163015 1 51164 2722540 7440 0 111
cpu 7 159152 0 50254 2728703 6276 0 539
cpu 6 181805 0 49954 2705839 7552 0 324
cpu 9 160999 0 50934 2723143 7646 0 376
cpu 8 156120 0 56790 2724295 6024 0 334
mem 1 99033092 97132388 1900704 97636 1179872 304 0 1101228 70884 176404 3776 0 0 174948 0 0 0
mem 0 97636988 60124944 37512044 636688 35754600 364 0 35905448 3426640 489460 16032 0 0 462116 4096 0 0
net lo 0 0 2247000 0 0 0 0 0 0 0 0 0 18861 0 2247000 0 0 0 0 0 0 18861 0
net eno1 0 147022 40322233907 0 0 337 0 0 0 0 0 0 30101012 0 1189089187 0 0 0 0 0 0 5935144 0
net vnet31 0 0 120060 0 0 0 0 0 0 0 0 0 539 0 85063 0 0 0 0 0 0 507 0
net virbr0 0 689 9959612607 0 0 0 0 0 0 0 0 0 39711093 0 38378850592 0 0 0 0 0 0 23504401 0
numa 1 95484359 18781169 10118603 29535 95440104 18825411
numa 0 95778825 10118603 18781169 29710 95777624 10119814
ps - 482918504 157714 284 163 120 6 692
sysv_shm - 0 0
tmpfs /run/lock 0 6
tmpfs /run 2080768 1098
tmpfs /run/user/20029 0 20
tmpfs /run/qemu 0 1
tmpfs /dev/shm 37614075904 105306
vfs - 133524 4704 183512
vm - 2 18380796 431308330 251897 1617408 218685936 264044088 70575941 6397050 157851608 52438 0 0 0 0 0 1811072 0 311878 5997 0 1616633 66 0 3 0 0

1778474767.577759 0 node0.mimesys-workload.ldos-ut-pg0.wisc.cloudlab.us
block sda 444955 207827 36754184 264049 2595357 17602554 862616661 12817502 0 2136012 13343241
block sdb 479 0 7540 438 4 0 0 0 0 556 439
cpu 11 166352 0 50520 2720818 6806 0 5
cpu 10 192760 0 45238 2700907 8876 0 4
cpu 13 161138 0 45582 2731266 6484 0 2
cpu 12 164540 0 44585 2729617 6935 0 1
cpu 15 163587 0 43609 2731120 6464 0 2
cpu 14 157331 0 44858 2737050 6439 0 3
cpu 17 149059 0 43784 2745649 6641 0 1
cpu 16 158402 0 42340 2739380 5871 0 1
cpu 19 129792 0 29752 2780157 6195 0 0
cpu 18 175628 0 30039 2734760 5736 0 2
cpu 1 146658 0 33561 2752297 7916 0 687
cpu 0 143207 45 32279 2732495 9544 0 1148
cpu 3 168231 0 50614 2717515 7212 0 595
cpu 2 161715 0 46201 2726848 9009 0 189
cpu 5 167748 0 50960 2719181 7121 0 453
cpu 4 163060 1 51165 2722600 7440 0 111
cpu 7 159188 0 50257 2728767 6276 0 539
cpu 6 181836 0 49954 2705908 7552 0 324
cpu 9 161000 0 50934 2723245 7646 0 376
cpu 8 156120 0 56792 2724394 6024 0 334
mem 1 99033092 97133336 1899756 98936 1177908 316 0 1101232 70044 175768 4080 0 0 174940 0 0 0
mem 0 97636988 60123684 37513304 637492 35754456 380 0 35906916 3428064 488544 16028 0 0 462172 4096 0 0
net lo 0 0 2247557 0 0 0 0 0 0 0 0 0 18865 0 2247557 0 0 0 0 0 0 18865 0
net eno1 0 147031 40322239850 0 0 337 0 0 0 0 0 0 30101103 0 1189090432 0 0 0 0 0 0 5935149 0
net vnet31 0 0 121928 0 0 0 0 0 0 0 0 0 549 0 86061 0 0 0 0 0 0 516 0
net virbr0 0 689 9959614335 0 0 0 0 0 0 0 0 0 39711103 0 38378851590 0 0 0 0 0 0 23504410 0
numa 1 95489475 18781169 10118603 29535 95445220 18825411
numa 0 95779519 10118603 18781169 29710 95778318 10119814
ps - 482927981 157761 284 163 120 5 692
sysv_shm - 0 0
tmpfs /run/lock 0 6
tmpfs /run 2080768 1098
tmpfs /run/user/20029 0 20
tmpfs /run/qemu 0 1
tmpfs /dev/shm 37614075904 105306
vfs - 133526 4664 183542
vm - 2 18380828 431308330 251897 1617408 218691746 264049842 70576059 6397050 157862063 52438 0 0 0 0 0 1811072 0 311878 5997 0 1616633 66 0 3 0 0

1778474768.618339 0 node0.mimesys-workload.ldos-ut-pg0.wisc.cloudlab.us
block sda 444960 207827 36754280 264050 2595384 17602568 862617157 12817519 0 2136040 13343259
block sdb 479 0 7540 438 4 0 0 0 0 556 439
cpu 11 166352 0 50520 2720920 6806 0 5
cpu 10 192761 0 45239 2701010 8876 0 4
cpu 13 161138 0 45583 2731368 6484 0 2
cpu 12 164541 0 44587 2729719 6935 0 1
cpu 15 163588 0 43612 2731220 6464 0 2
cpu 14 157332 0 44860 2737150 6439 0 3
cpu 17 149062 0 43786 2745746 6641 0 1
cpu 16 158404 0 42340 2739482 5871 0 1
cpu 19 129792 0 29753 2780258 6195 0 0
cpu 18 175630 0 30041 2734862 5736 0 2
cpu 1 146714 0 33563 2752344 7916 0 687
cpu 0 143232 45 32281 2732572 9544 0 1148
cpu 3 168310 0 50620 2717534 7212 0 595
cpu 2 161764 0 46202 2726902 9009 0 189
cpu 5 167775 0 50961 2719256 7121 0 453
cpu 4 163085 1 51166 2722677 7440 0 111
cpu 7 159238 0 50258 2728819 6276 0 539
cpu 6 181874 0 49956 2705972 7552 0 324
cpu 9 161000 0 50934 2723348 7646 0 376
cpu 8 156121 0 56792 2724498 6024 0 334
mem 1 99033092 97131420 1901672 102376 1174644 324 0 1101244 70728 175932 3480 0 0 174932 0 0 0
mem 0 97636988 60096468 37540520 639688 35780200 400 0 35933992 3455180 489512 16232 0 0 462172 4096 0 0
net lo 0 0 2248724 0 0 0 0 0 0 0 0 0 18873 0 2248724 0 0 0 0 0 0 18873 0
net eno1 0 147031 40322245941 0 0 337 0 0 0 0 0 0 30101195 0 1189090944 0 0 0 0 0 0 5935154 0
net vnet31 0 0 124866 0 0 0 0 0 0 0 0 0 563 0 89803 0 0 0 0 0 0 529 0
net virbr0 0 689 9959617077 0 0 0 0 0 0 0 0 0 39711117 0 38378855280 0 0 0 0 0 0 23504422 0
numa 1 95495739 18781169 10118603 29535 95451484 18825411
numa 0 95787033 10118603 18781169 29710 95785832 10119814
ps - 482936712 157812 278 164 121 4 686
sysv_shm - 0 0
tmpfs /run/lock 0 6
tmpfs /run 2080768 1098
tmpfs /run/user/20029 0 20
tmpfs /run/qemu 0 1
tmpfs /dev/shm 37614075904 105306
vfs - 133522 4744 183460
vm - 2 18380876 431308578 251897 1617408 218705563 264056348 70577454 6397050 157884656 52438 0 0 0 0 0 1811072 0 311878 5997 0 1616633 66 0 3 0 0

1778474769.656727 0 node0.mimesys-workload.ldos-ut-pg0.wisc.cloudlab.us
block sda 444962 207827 36754360 264051 2595385 17602568 862617165 12817519 0 2136048 13343260
block sdb 479 0 7540 438 4 0 0 0 0 556 439
cpu 11 166352 0 50521 2721022 6806 0 5
cpu 10 192761 0 45241 2701111 8876 0 4
cpu 13 161139 0 45584 2731470 6484 0 2
cpu 12 164542 0 44588 2729820 6935 0 1
cpu 15 163588 0 43612 2731322 6464 0 2
cpu 14 157333 0 44860 2737252 6439 0 3
cpu 17 149062 0 43788 2745849 6641 0 1
cpu 16 158404 0 42342 2739583 5871 0 1
cpu 19 129793 0 29756 2780358 6195 0 0
cpu 18 175630 0 30042 2734964 5736 0 2
cpu 1 146722 0 33566 2752435 7916 0 687
cpu 0 143250 45 32283 2732657 9544 0 1148
cpu 3 168362 0 50628 2717578 7212 0 595
cpu 2 161781 0 46204 2726988 9009 0 189
cpu 5 167820 0 50969 2719305 7121 0 453
cpu 4 163093 1 51169 2722769 7440 0 111
cpu 7 159249 0 50259 2728909 6276 0 539
cpu 6 181883 0 49956 2706064 7552 0 324
cpu 9 161000 0 50934 2723451 7646 0 376
cpu 8 156123 0 56793 2724598 6024 0 335
mem 1 99033092 97130920 1902172 105080 1171208 328 0 1101244 70044 175600 3624 0 0 174896 0 0 0
mem 0 97636988 59974500 37662488 640144 35901192 408 0 36056080 3577232 488852 16700 0 0 462172 4096 0 0
net lo 0 0 2249281 0 0 0 0 0 0 0 0 0 18877 0 2249281 0 0 0 0 0 0 18877 0
net eno1 0 147039 40322252854 0 0 337 0 0 0 0 0 0 30101297 0 1189092405 0 0 0 0 0 0 5935161 0
net vnet31 0 0 126734 0 0 0 0 0 0 0 0 0 573 0 90801 0 0 0 0 0 0 538 0
net virbr0 0 689 9959618805 0 0 0 0 0 0 0 0 0 39711127 0 38378856278 0 0 0 0 0 0 23504431 0
numa 1 95500312 18781169 10118603 29535 95456057 18825411
numa 0 95818504 10118603 18781169 29710 95817303 10119814
ps - 482944882 157858 278 164 121 2 686
sysv_shm - 0 0
tmpfs /run/lock 0 6
tmpfs /run 2080768 1098
tmpfs /run/user/20029 0 20
tmpfs /run/qemu 0 1
tmpfs /dev/shm 37614075904 105306
vfs - 133522 4784 183474
vm - 2 18380916 431308582 251897 1617408 218741618 264062025 70578553 6397050 157939999 52439 0 0 0 0 0 1811072 0 311878 5997 0 1616633 66 0 3 0 0

1778474770.696292 0 node0.mimesys-workload.ldos-ut-pg0.wisc.cloudlab.us
block sda 444962 207827 36754360 264051 2595385 17602568 862617165 12817519 0 2136048 13343260
block sdb 479 0 7540 438 4 0 0 0 0 556 439
cpu 11 166354 0 50522 2721124 6806 0 5
cpu 10 192763 0 45241 2701213 8876 0 4
cpu 13 161140 0 45585 2731572 6484 0 2
cpu 12 164545 0 44592 2729918 6935 0 1
cpu 15 163589 0 43614 2731423 6464 0 2
cpu 14 157334 0 44862 2737354 6439 0 3
cpu 17 149064 0 43790 2745948 6641 0 1
cpu 16 158405 0 42342 2739685 5871 0 1
cpu 19 129794 0 29758 2780459 6195 0 0
cpu 18 175632 0 30045 2735062 5736 0 2
cpu 1 146726 0 33566 2752532 7916 0 687
cpu 0 143263 45 32284 2732744 9544 0 1148
cpu 3 168373 0 50635 2717663 7212 0 595
cpu 2 161818 0 46210 2727047 9009 0 189
cpu 5 167888 0 50984 2719326 7121 0 453
cpu 4 163099 1 51171 2722864 7440 0 111
cpu 7 159257 0 50262 2729001 6276 0 539
cpu 6 181900 0 49957 2706149 7552 0 324
cpu 9 161001 0 50935 2723554 7646 0 376
cpu 8 156126 0 56794 2724698 6024 0 335
mem 1 99033092 97129668 1903424 109312 1168364 344 0 1101248 70836 176972 3640 0 0 174856 0 0 0
mem 0 97636988 59823048 37813940 642120 36051088 436 0 36208120 3729272 488896 17284 0 0 462196 4096 0 0
net lo 0 0 2250448 0 0 0 0 0 0 0 0 0 18885 0 2250448 0 0 0 0 0 0 18885 0
net eno1 0 147039 40322258591 0 0 337 0 0 0 0 0 0 30101383 0 1189093633 0 0 0 0 0 0 5935166 0
net vnet31 0 0 130712 0 0 0 0 0 0 0 0 0 591 0 94543 0 0 0 0 0 0 551 0
net virbr0 0 689 9959622531 0 0 0 0 0 0 0 0 0 39711145 0 38378859968 0 0 0 0 0 0 23504443 0
numa 1 95506986 18781169 10118603 29535 95462731 18825411
numa 0 95857050 10118603 18781169 29710 95855849 10119814
ps - 482953007 157909 278 164 121 2 686
sysv_shm - 0 0
tmpfs /run/lock 0 6
tmpfs /run 2080768 1098
tmpfs /run/user/20029 0 20
tmpfs /run/qemu 0 1
tmpfs /dev/shm 37614075904 105306
vfs - 133528 4864 183508
vm - 2 18380916 431308582 251897 1617408 218786811 264068550 70579802 6397050 158006716 52439 0 0 0 0 0 1811072 0 311878 5997 0 1616633 66 0 3 0 0

1778474771.734744 0 node0.mimesys-workload.ldos-ut-pg0.wisc.cloudlab.us
block sda 445022 207827 36755704 264191 2595580 17606645 862905773 12818406 5 2136512 13344287
block sdb 479 0 7540 438 4 0 0 0 0 556 439
cpu 11 166354 0 50522 2721227 6806 0 5
cpu 10 192763 0 45242 2701315 8876 0 4
cpu 13 161140 0 45585 2731675 6484 0 2
cpu 12 164546 0 44592 2730020 6935 0 1
cpu 15 163590 0 43614 2731526 6464 0 2
cpu 14 157336 0 44863 2737455 6439 0 3
cpu 17 149065 0 43791 2746049 6641 0 1
cpu 16 158406 0 42343 2739787 5871 0 1
cpu 19 129795 0 29759 2780561 6195 0 0
cpu 18 175632 0 30049 2735162 5736 0 2
cpu 1 146730 0 33571 2752620 7919 0 687
cpu 0 143266 45 32288 2732835 9549 0 1148
cpu 3 168394 0 50636 2717744 7213 0 595
cpu 2 161868 0 46223 2727083 9015 0 189
cpu 5 167892 0 50986 2719421 7123 0 453
cpu 4 163102 1 51173 2722952 7450 0 111
cpu 7 159262 0 50267 2729090 6280 0 539
cpu 6 181907 0 49960 2706242 7555 0 324
cpu 9 161002 0 50935 2723656 7646 0 376
cpu 8 156126 0 56796 2724801 6024 0 335
mem 1 99033092 97128660 1904432 110048 1166048 348 0 1101252 70048 175396 3468 0 0 174848 0 0 0
mem 0 97636988 59744832 37892156 642584 36128140 444 0 36284900 3805916 489416 17820 0 0 462204 4096 0 0
net lo 0 0 2251005 0 0 0 0 0 0 0 0 0 18889 0 2251005 0 0 0 0 0 0 18889 0
net eno1 0 147049 40322265848 0 0 337 0 0 0 0 0 0 30101496 0 1189094044 0 0 0 0 0 0 5935170 0
net vnet31 0 0 131738 0 0 0 0 0 0 0 0 0 600 0 95541 0 0 0 0 0 0 560 0
net virbr0 0 689 9959623431 0 0 0 0 0 0 0 0 0 39711154 0 38378860966 0 0 0 0 0 0 23504452 0
numa 1 95511058 18781169 10118603 29535 95466803 18825411
numa 0 95877601 10118603 18781169 29710 95876400 10119814
ps - 482959269 157955 278 164 121 1 686
sysv_shm - 0 0
tmpfs /run/lock 0 6
tmpfs /run 2080768 1098
tmpfs /run/user/20029 0 20
tmpfs /run/qemu 0 1
tmpfs /dev/shm 37614075904 105306
vfs - 133520 4784 183458
vm - 2 18381588 431455538 251897 1617408 218811412 264074404 70580077 6397050 158042424 52439 0 0 0 0 0 1811072 0 311878 5997 0 1616633 66 0 3 0 0

1778474772.776022 0 node0.mimesys-workload.ldos-ut-pg0.wisc.cloudlab.us
block sda 445024 207827 36755720 264199 2595763 17620929 863078957 12819090 0 2136804 13344981
block sdb 479 0 7540 438 4 0 0 0 0 556 439
cpu 11 166354 0 50524 2721328 6806 0 5
cpu 10 192764 0 45244 2701417 8876 0 4
cpu 13 161142 0 45586 2731777 6484 0 2
cpu 12 164549 0 44593 2730121 6935 0 1
cpu 15 163590 0 43616 2731628 6464 0 2
cpu 14 157336 0 44865 2737557 6439 0 3
cpu 17 149067 0 43791 2746151 6641 0 1
cpu 16 158406 0 42345 2739888 5871 0 1
cpu 19 129796 0 29760 2780663 6195 0 0
cpu 18 175635 0 30051 2735260 5736 0 2
cpu 1 146769 0 33578 2752676 7920 0 687
cpu 0 143305 45 32301 2732883 9551 0 1148
cpu 3 168438 0 50640 2717799 7213 0 595
cpu 2 161912 0 46242 2727124 9016 0 189
cpu 5 167934 0 50996 2719473 7123 0 453
cpu 4 163146 1 51185 2722998 7452 0 111
cpu 7 159302 0 50276 2729145 6282 0 539
cpu 6 181971 0 49966 2706277 7555 0 324
cpu 9 161003 0 50935 2723758 7646 0 376
cpu 8 156128 0 56798 2724901 6024 0 335
mem 1 99033092 97126648 1906444 110140 1165568 404 0 1101264 70048 174580 3576 0 0 174836 0 0 0
mem 0 97636988 59574736 38062252 642808 36297692 636 0 36454236 3975088 489848 17932 0 0 462252 4096 0 0
net lo 0 0 2252172 0 0 0 0 0 0 0 0 0 18897 0 2252172 0 0 0 0 0 0 18897 0
net eno1 0 147056 40322272785 0 0 337 0 0 0 0 0 0 30101602 0 1189095362 0 0 0 0 0 0 5935176 0
net vnet31 0 0 136808 0 0 0 0 0 0 0 0 0 628 0 100281 0 0 0 0 0 0 582 0
net virbr0 0 689 9959628109 0 0 0 0 0 0 0 0 0 39711182 0 38378865654 0 0 0 0 0 0 23504473 0
numa 1 95516709 18781169 10118603 29535 95472454 18825411
numa 0 95922009 10118603 18781169 29710 95920808 10119814
ps - 482967457 158007 278 164 121 4 686
sysv_shm - 0 0
tmpfs /run/lock 0 6
tmpfs /run 2080768 1098
tmpfs /run/user/20029 0 20
tmpfs /run/qemu 0 1
tmpfs /dev/shm 37614075904 105306
vfs - 133522 4864 183474
vm - 2 18381596 431539478 251897 1617408 218861544 264081546 70580113 6397050 158096098 52439 0 0 0 0 0 1811072 0 311878 5997 0 1616633 66 0 3 0 0

1778474773.814631 0 node0.mimesys-workload.ldos-ut-pg0.wisc.cloudlab.us
block sda 445024 207827 36755720 264199 2595813 17621025 863080477 12819119 0 2136860 13345011
block sdb 479 0 7540 438 4 0 0 0 0 556 439
cpu 11 166358 0 50526 2721427 6806 0 5
cpu 10 192766 0 45246 2701517 8876 0 4
cpu 13 161142 0 45587 2731879 6484 0 2
cpu 12 164550 0 44594 2730223 6935 0 1
cpu 15 163590 0 43618 2731729 6464 0 2
cpu 14 157337 0 44866 2737657 6439 0 3
cpu 17 149069 0 43794 2746251 6641 0 1
cpu 16 158406 0 42347 2739990 5871 0 1
cpu 19 129796 0 29760 2780765 6195 0 0
cpu 18 175636 0 30054 2735360 5736 0 2
cpu 1 146799 0 33584 2752738 7920 0 687
cpu 0 143340 45 32318 2732935 9551 0 1148
cpu 3 168489 0 50642 2717851 7213 0 595
cpu 2 161974 0 46262 2727146 9016 0 189
cpu 5 167999 0 51007 2719500 7123 0 453
cpu 4 163188 1 51199 2723045 7452 0 111
cpu 7 159350 0 50280 2729194 6282 0 539
cpu 6 182035 0 49968 2706315 7555 0 324
cpu 9 161004 0 50935 2723861 7646 0 376
cpu 8 156130 0 56799 2725001 6024 0 335
mem 1 99033092 97123624 1909468 110144 1167520 388 0 1101272 70728 176512 3644 0 0 174804 0 0 0
mem 0 97636988 59380948 38256040 642804 36489736 528 0 36646984 4167840 489192 18356 0 0 462228 4096 0 0
net lo 0 0 2253339 0 0 0 0 0 0 0 0 0 18905 0 2253339 0 0 0 0 0 0 18905 0
net eno1 0 147056 40322279542 0 0 337 0 0 0 0 0 0 30101705 0 1189096898 0 0 0 0 0 0 5935183 0
net vnet31 0 0 139944 0 0 0 0 0 0 0 0 0 645 0 103971 0 0 0 0 0 0 594 0
net virbr0 0 689 9959631007 0 0 0 0 0 0 0 0 0 39711199 0 38378869344 0 0 0 0 0 0 23504485 0
numa 1 95523096 18781169 10118603 29535 95478841 18825411
numa 0 95970680 10118603 18781169 29710 95969479 10119814
ps - 482977687 158058 271 164 121 5 686
sysv_shm - 0 0
tmpfs /run/lock 0 6
tmpfs /run 2080768 1098
tmpfs /run/user/20029 0 20
tmpfs /run/qemu 0 1
tmpfs /dev/shm 37614075904 105306
vfs - 133528 4784 183529
vm - 2 18381596 431540238 251897 1617408 218916528 264088135 70580115 6397050 158154447 52439 0 0 0 0 0 1811072 0 311878 5997 0 1616633 66 0 3 0 0

1778474774.854065 0 node0.mimesys-workload.ldos-ut-pg0.wisc.cloudlab.us
block sda 445025 207827 36755728 264200 2595813 17621025 863080477 12819119 0 2136864 13345011
block sdb 479 0 7540 438 4 0 0 0 0 556 439
cpu 11 166360 0 50530 2721524 6806 0 5
cpu 10 192768 0 45247 2701616 8876 0 4
cpu 13 161143 0 45588 2731980 6484 0 2
cpu 12 164550 0 44595 2730325 6935 0 1
cpu 15 163591 0 43620 2731831 6464 0 2
cpu 14 157338 0 44867 2737759 6439 0 3
cpu 17 149069 0 43796 2746353 6641 0 1
cpu 16 158407 0 42348 2740093 5871 0 1
cpu 19 129798 0 29762 2780867 6195 0 0
cpu 18 175636 0 30055 2735463 5736 0 2
cpu 1 146822 0 33586 2752817 7920 0 687
cpu 0 143370 45 32320 2733005 9551 0 1148
cpu 3 168524 0 50646 2717916 7213 0 595
cpu 2 162058 0 46268 2727161 9016 0 189
cpu 5 168033 0 51008 2719569 7123 0 453
cpu 4 163211 1 51202 2723125 7452 0 111
cpu 7 159375 0 50288 2729264 6282 0 539
cpu 6 182066 0 49971 2706385 7555 0 324
cpu 9 161004 0 50936 2723963 7646 0 376
cpu 8 156130 0 56799 2725105 6024 0 335
mem 1 99033092 97123372 1909720 110156 1166492 400 0 1101280 70048 175920 3744 0 0 174812 0 0 0
mem 0 97636988 59380192 38256796 642804 36490416 536 0 36647644 4168500 489148 18356 0 0 462228 4096 0 0
net lo 0 0 2253896 0 0 0 0 0 0 0 0 0 18909 0 2253896 0 0 0 0 0 0 18909 0
net eno1 0 147066 40322286139 0 0 337 0 0 0 0 0 0 30101807 0 1189097309 0 0 0 0 0 0 5935187 0
net vnet31 0 0 141812 0 0 0 0 0 0 0 0 0 655 0 105021 0 0 0 0 0 0 604 0
net virbr0 0 689 9959632735 0 0 0 0 0 0 0 0 0 39711209 0 38378870342 0 0 0 0 0 0 23504494 0
numa 1 95528757 18781169 10118603 29535 95484502 18825411
numa 0 95970916 10118603 18781169 29710 95969715 10119814
ps - 482987974 158108 271 164 121 3 686
sysv_shm - 0 0
tmpfs /run/lock 0 6
tmpfs /run 2080768 1098
tmpfs /run/user/20029 0 20
tmpfs /run/qemu 0 1
tmpfs /dev/shm 37614075904 105306
vfs - 133519 4824 183492
vm - 2 18381600 431540238 251897 1617408 218922425 264094334 70580118 6397050 158163330 52439 0 0 0 0 0 1811072 0 311878 5997 0 1616633 66 0 3 0 0

1778474775.892260 0 node0.mimesys-workload.ldos-ut-pg0.wisc.cloudlab.us
block sda 445031 207857 36756064 264202 2595813 17621025 863080477 12819119 0 2136872 13345014
block sdb 479 0 7540 438 4 0 0 0 0 556 439
cpu 11 166360 0 50532 2721625 6806 0 5
cpu 10 192768 0 45248 2701718 8876 0 4
cpu 13 161144 0 45590 2732081 6484 0 2
cpu 12 164551 0 44598 2730426 6935 0 1
cpu 15 163592 0 43622 2731933 6464 0 2
cpu 14 157339 0 44869 2737859 6439 0 3
cpu 17 149072 0 43799 2746452 6641 0 1
cpu 16 158409 0 42351 2740191 5871 0 1
cpu 19 129798 0 29763 2780968 6195 0 0
cpu 18 175637 0 30056 2735564 5736 0 2
cpu 1 146860 0 33589 2752879 7920 0 687
cpu 0 143408 45 32324 2733068 9551 0 1148
cpu 3 168567 0 50646 2717972 7213 0 595
cpu 2 162114 0 46272 2727204 9016 0 189
cpu 5 168081 0 51009 2719623 7123 0 453
cpu 4 163262 1 51203 2723175 7452 0 111
cpu 7 159404 0 50290 2729337 6282 0 539
cpu 6 182116 0 49972 2706437 7555 0 324
cpu 9 161004 0 50936 2724066 7646 0 376
cpu 8 156131 0 56801 2725205 6024 0 335
mem 1 99033092 97121616 1911476 110688 1167264 432 0 1101452 70768 177072 3680 0 0 174868 0 0 0
mem 0 97636988 59380696 38256292 643064 36490352 556 0 36647696 4168548 489284 18356 0 0 462252 4096 0 0
net lo 0 0 2255619 0 0 0 0 0 0 0 0 0 18923 0 2255619 0 0 0 0 0 0 18923 0
net eno1 0 147066 40322293186 0 0 337 0 0 0 0 0 0 30101910 0 1189099214 0 0 0 0 0 0 5935197 0
net vnet31 0 0 146318 0 0 0 0 0 0 0 0 0 677 0 109283 0 0 0 0 0 0 620 0
net virbr0 0 689 9959636933 0 0 0 0 0 0 0 0 0 39711231 0 38378874604 0 0 0 0 0 0 23504510 0
numa 1 95535334 18781169 10118603 29535 95491079 18825411
numa 0 95971418 10118603 18781169 29710 95970217 10119814
ps - 482997717 158160 271 164 121 3 686
sysv_shm - 0 0
tmpfs /run/lock 0 6
tmpfs /run 2080768 1098
tmpfs /run/user/20029 0 20
tmpfs /run/qemu 0 1
tmpfs /dev/shm 37614080000 105306
vfs - 133524 4824 183497
vm - 2 18381768 431540238 251897 1617408 218929505 264100891 70580403 6397050 158174801 52440 0 0 0 0 0 1811072 0 311878 5997 0 1616633 66 0 3 0 0

1778474776.931982 0 node0.mimesys-workload.ldos-ut-pg0.wisc.cloudlab.us
block sda 445040 207857 36756544 264206 2595813 17621025 863080477 12819119 0 2136892 13345017
block sdb 479 0 7540 438 4 0 0 0 0 556 439
cpu 11 166361 0 50534 2721726 6806 0 5
cpu 10 192769 0 45250 2701820 8876 0 4
cpu 13 161144 0 45592 2732183 6484 0 2
cpu 12 164552 0 44600 2730528 6935 0 1
cpu 15 163592 0 43623 2732034 6464 0 2
cpu 14 157340 0 44870 2737961 6439 0 3
cpu 17 149074 0 43799 2746552 6641 0 1
cpu 16 158410 0 42352 2740293 5871 0 1
cpu 19 129799 0 29764 2781071 6195 0 0
cpu 18 175638 0 30057 2735667 5736 0 2
cpu 1 146867 0 33590 2752974 7920 0 687
cpu 0 143436 45 32326 2733141 9551 0 1148
cpu 3 168595 0 50652 2718043 7213 0 595
cpu 2 162148 0 46272 2727274 9016 0 189
cpu 5 168100 0 51010 2719708 7124 0 453
cpu 4 163292 1 51204 2723248 7452 0 111
cpu 7 159421 0 50292 2729421 6282 0 539
cpu 6 182125 0 49974 2706530 7555 0 324
cpu 9 161005 0 50936 2724169 7646 0 376
cpu 8 156132 0 56804 2725305 6024 0 335
mem 1 99033092 97120860 1912232 111260 1165648 444 0 1101456 70048 175576 3620 0 0 174832 0 0 0
mem 0 97636988 59380696 38256292 643420 36490140 568 0 36647820 4168668 489288 18364 0 0 462248 4096 0 0
net lo 0 0 2256176 0 0 0 0 0 0 0 0 0 18927 0 2256176 0 0 0 0 0 0 18927 0
net eno1 0 147075 40322299069 0 0 337 0 0 0 0 0 0 30102000 0 1189100623 0 0 0 0 0 0 5935204 0
net vnet31 0 0 146882 0 0 0 0 0 0 0 0 0 683 0 109761 0 0 0 0 0 0 626 0
net virbr0 0 689 9959637413 0 0 0 0 0 0 0 0 0 39711237 0 38378875030 0 0 0 0 0 0 23504515 0
numa 1 95540427 18781169 10118603 29535 95496172 18825411
numa 0 95972197 10118603 18781169 29710 95970996 10119814
ps - 483005081 158212 271 164 121 4 689
sysv_shm - 0 0
tmpfs /run/lock 0 6
tmpfs /run 2080768 1098
tmpfs /run/user/20029 0 20
tmpfs /run/qemu 0 1
tmpfs /dev/shm 37614084096 105306
vfs - 133531 4904 183520
vm - 2 18382008 431540238 251897 1617408 218935412 264106946 70580526 6397050 158184244 52440 0 0 0 0 0 1811072 0 311878 5997 0 1616633 66 0 3 0 0

1778474777.970324 0 node0.mimesys-workload.ldos-ut-pg0.wisc.cloudlab.us
block sda 445040 207857 36756544 264206 2595815 17621026 863080501 12819120 0 2136896 13345019
block sdb 479 0 7540 438 4 0 0 0 0 556 439
cpu 11 166362 0 50534 2721829 6806 0 5
cpu 10 192772 0 45251 2701918 8876 0 4
cpu 13 161147 0 45595 2732281 6484 0 2
cpu 12 164552 0 44600 2730630 6935 0 1
cpu 15 163596 0 43625 2732132 6464 0 2
cpu 14 157340 0 44871 2738063 6439 0 3
cpu 17 149075 0 43800 2746653 6641 0 1
cpu 16 158412 0 42353 2740394 5871 0 1
cpu 19 129799 0 29766 2781172 6195 0 0
cpu 18 175639 0 30060 2735768 5736 0 2
cpu 1 146890 0 33592 2753048 7920 0 687
cpu 0 143468 45 32329 2733210 9551 0 1148
cpu 3 168628 0 50655 2718111 7213 0 595
cpu 2 162188 0 46278 2727331 9016 0 189
cpu 5 168133 0 51012 2719775 7124 0 453
cpu 4 163320 1 51205 2723321 7452 0 111
cpu 7 159449 0 50293 2729493 6282 0 539
cpu 6 182172 0 49981 2706580 7555 0 324
cpu 9 161006 0 50936 2724272 7646 0 376
cpu 8 156132 0 56804 2725409 6024 0 335
mem 1 99033092 97120388 1912704 111672 1164820 460 0 1101460 70344 175584 3632 0 0 174832 0 0 0
mem 0 97636988 59379436 38257552 643672 36489912 588 0 36647896 4168744 489304 18416 0 0 462272 4096 0 0
net lo 0 0 2257343 0 0 0 0 0 0 0 0 0 18935 0 2257343 0 0 0 0 0 0 18935 0
net eno1 0 147075 40322305760 0 0 337 0 0 0 0 0 0 30102102 0 1189101135 0 0 0 0 0 0 5935209 0
net vnet31 0 0 151952 0 0 0 0 0 0 0 0 0 711 0 114449 0 0 0 0 0 0 647 0
net virbr0 0 689 9959642091 0 0 0 0 0 0 0 0 0 39711265 0 38378879718 0 0 0 0 0 0 23504536 0
numa 1 95546576 18781169 10118603 29535 95502321 18825411
numa 0 95972964 10118603 18781169 29710 95971763 10119814
ps - 483017751 158264 271 164 121 4 686
sysv_shm - 0 0
tmpfs /run/lock 0 6
tmpfs /run 2080768 1098
tmpfs /run/user/20029 0 20
tmpfs /run/qemu 0 1
tmpfs /dev/shm 37614084096 105307
vfs - 133522 4864 183482
vm - 2 18382008 431540250 251897 1617408 218942316 264114123 70580713 6397050 158195333 52440 0 0 0 0 0 1811072 0 311878 5997 0 1616633 66 0 3 0 0

1778474779.010375 0 node0.mimesys-workload.ldos-ut-pg0.wisc.cloudlab.us
block sda 445043 207857 36756832 264208 2595827 17621043 863080989 12819122 0 2136916 13345023
block sdb 479 0 7540 438 4 0 0 0 0 556 439
cpu 11 166363 0 50535 2721931 6806 0 5
cpu 10 192773 0 45252 2702021 8876 0 4
cpu 13 161148 0 45596 2732382 6484 0 2
cpu 12 164552 0 44601 2730733 6935 0 1
cpu 15 163596 0 43627 2732234 6464 0 2
cpu 14 157342 0 44873 2738162 6439 0 3
cpu 17 149076 0 43801 2746756 6641 0 1
cpu 16 158413 0 42355 2740495 5871 0 1
cpu 19 129800 0 29768 2781273 6195 0 0
cpu 18 175643 0 30062 2735866 5737 0 2
cpu 1 146905 0 33594 2753134 7920 0 687
cpu 0 143504 45 32337 2733269 9551 0 1148
cpu 3 168648 0 50656 2718193 7213 0 595
cpu 2 162228 0 46281 2727392 9016 0 189
cpu 5 168164 0 51014 2719844 7124 0 453
cpu 4 163351 1 51205 2723393 7453 0 111
cpu 7 159464 0 50294 2729580 6282 0 539
cpu 6 182211 0 49986 2706637 7555 0 324
cpu 9 161007 0 50936 2724374 7646 0 376
cpu 8 156134 0 56805 2725509 6024 0 335
mem 1 99033092 97117620 1915472 111824 1165664 492 0 1101476 70764 176136 3680 0 0 174832 0 0 0
mem 0 97636988 59379184 38257804 643764 36490836 608 0 36647960 4168912 490124 18340 0 0 462232 4096 0 0
net lo 0 0 2258510 0 0 0 0 0 0 0 0 0 18943 0 2258510 0 0 0 0 0 0 18943 0
net eno1 0 147085 40322312175 0 0 337 0 0 0 0 0 0 30102199 0 1189102685 0 0 0 0 0 0 5935217 0
net vnet31 0 0 155088 0 0 0 0 0 0 0 0 0 728 0 118191 0 0 0 0 0 0 660 0
net virbr0 0 689 9959644989 0 0 0 0 0 0 0 0 0 39711282 0 38378883408 0 0 0 0 0 0 23504548 0
numa 1 95552807 18781169 10118603 29535 95508552 18825411
numa 0 95973959 10118603 18781169 29710 95972758 10119814
ps - 483027919 158318 282 168 123 5 686
sysv_shm - 0 0
tmpfs /run/lock 0 6
tmpfs /run 2080768 1098
tmpfs /run/user/20029 0 20
tmpfs /run/qemu 0 1
tmpfs /dev/shm 37614084096 105307
vfs - 133524 4864 183484
vm - 2 18382152 431540494 251897 1617408 218949540 264120942 70580746 6397050 158206505 52440 0 0 0 0 0 1811072 0 311878 5997 0 1616633 66 0 3 0 0

1778474780.048049 0 node0.mimesys-workload.ldos-ut-pg0.wisc.cloudlab.us
block sda 445043 207857 36756832 264208 2595827 17621043 863080989 12819122 0 2136916 13345023
block sdb 479 0 7540 438 4 0 0 0 0 556 439
cpu 11 166363 0 50537 2722031 6806 0 5
cpu 10 192773 0 45253 2702122 8876 0 4
cpu 13 161148 0 45598 2732484 6484 0 2
cpu 12 164552 0 44603 2730835 6935 0 1
cpu 15 163597 0 43629 2732334 6464 0 2
cpu 14 157343 0 44874 2738264 6439 0 3
cpu 17 149076 0 43802 2746858 6641 0 1
cpu 16 158414 0 42355 2740596 5871 0 1
cpu 19 129803 0 29770 2781371 6195 0 0
cpu 18 175644 0 30062 2735967 5737 0 2
cpu 1 146923 0 33594 2753219 7920 0 687
cpu 0 143518 45 32338 2733356 9551 0 1148
cpu 3 168664 0 50657 2718281 7213 0 595
cpu 2 162324 0 46289 2727392 9016 0 189
cpu 5 168181 0 51014 2719927 7124 0 453
cpu 4 163364 1 51206 2723482 7453 0 111
cpu 7 159488 0 50295 2729658 6282 0 539
cpu 6 182239 0 49987 2706711 7555 0 324
cpu 9 161008 0 50937 2724475 7646 0 376
cpu 8 156136 0 56806 2725609 6024 0 335
mem 1 99033092 97116108 1916984 111836 1165984 512 0 1101476 70144 176520 3712 0 0 174832 0 0 0
mem 0 97636988 59327020 38309968 643776 36543024 632 0 36699996 4220912 490316 18436 0 0 462232 4096 0 0
net lo 0 0 2259067 0 0 0 0 0 0 0 0 0 18947 0 2259067 0 0 0 0 0 0 18947 0
net eno1 0 147085 40322320719 0 0 337 0 0 0 0 0 0 30102309 0 1189105548 0 0 0 0 0 0 5935228 0
net vnet31 0 0 157022 0 0 0 0 0 0 0 0 0 739 0 119189 0 0 0 0 0 0 669 0
net virbr0 0 689 9959646769 0 0 0 0 0 0 0 0 0 39711293 0 38378884406 0 0 0 0 0 0 23504557 0
numa 1 95558241 18781169 10118603 29535 95513986 18825411
numa 0 95987867 10118603 18781169 29710 95986666 10119814
ps - 483032718 158369 282 168 123 4 688
sysv_shm - 0 0
tmpfs /run/lock 0 6
tmpfs /run 2080768 1098
tmpfs /run/user/20029 0 20
tmpfs /run/qemu 0 1
tmpfs /dev/shm 37614084096 105307
vfs - 133532 4904 183520
vm - 2 18382152 431540494 251897 1617408 218968899 264126945 70580750 6397050 158229135 52440 0 0 0 0 0 1811072 0 311878 5997 0 1616633 66 0 3 0 0

1778474781.086496 0 node0.mimesys-workload.ldos-ut-pg0.wisc.cloudlab.us
block sda 445043 207857 36756832 264208 2595828 17621043 863080997 12819122 0 2136920 13345023
block sdb 479 0 7540 438 4 0 0 0 0 556 439
cpu 11 166366 0 50538 2722131 6806 0 5
cpu 10 192774 0 45256 2702223 8876 0 4
cpu 13 161149 0 45600 2732586 6484 0 2
cpu 12 164553 0 44603 2730938 6935 0 1
cpu 15 163598 0 43631 2732435 6464 0 2
cpu 14 157344 0 44878 2738363 6439 0 3
cpu 17 149081 0 43805 2746954 6641 0 1
cpu 16 158416 0 42356 2740698 5871 0 1
cpu 19 129805 0 29771 2781470 6195 0 0
cpu 18 175646 0 30063 2736069 5737 0 2
cpu 1 146940 0 33595 2753302 7920 0 687
cpu 0 143546 45 32338 2733431 9551 0 1148
cpu 3 168684 0 50658 2718362 7213 0 595
cpu 2 162421 0 46295 2727392 9016 0 189
cpu 5 168203 0 51015 2720006 7124 0 453
cpu 4 163392 1 51208 2723556 7453 0 111
cpu 7 159496 0 50296 2729752 6282 0 539
cpu 6 182270 0 49988 2706781 7555 0 324
cpu 9 161009 0 50937 2724577 7646 0 376
cpu 8 156136 0 56807 2725711 6024 0 335
mem 1 99033092 97127916 1905176 111892 1164964 532 0 1101480 70296 175064 3720 0 0 174832 0 0 0
mem 0 97636988 59238568 38398420 643864 36629724 688 0 36787776 4308624 489348 18556 0 0 462264 4096 0 0
net lo 0 0 2260234 0 0 0 0 0 0 0 0 0 18955 0 2260234 0 0 0 0 0 0 18955 0
net eno1 0 147092 40322328220 0 0 337 0 0 0 0 0 0 30102420 0 1189107068 0 0 0 0 0 0 5935239 0
net vnet31 0 0 162026 0 0 0 0 0 0 0 0 0 766 0 123929 0 0 0 0 0 0 691 0
net virbr0 0 689 9959651395 0 0 0 0 0 0 0 0 0 39711320 0 38378889094 0 0 0 0 0 0 23504578 0
numa 1 95564874 18781169 10118603 29535 95520619 18825411
numa 0 96010835 10118603 18781169 29710 96009634 10119814
ps - 483038354 158423 282 168 123 5 686
sysv_shm - 0 0
tmpfs /run/lock 0 6
tmpfs /run 2080768 1098
tmpfs /run/user/20029 0 20
tmpfs /run/qemu 0 1
tmpfs /dev/shm 37614084096 105307
vfs - 133521 4984 183481
vm - 2 18382152 431540498 251897 1617408 218998518 264134854 70580790 6397050 158262765 52440 0 0 0 0 0 1811072 0 311878 5997 0 1616633 66 0 3 0 0

1778474782.126576 0 node0.mimesys-workload.ldos-ut-pg0.wisc.cloudlab.us
block sda 445049 207857 36757134 264210 2595828 17621043 863080997 12819122 0 2136928 13345025
block sdb 479 0 7540 438 4 0 0 0 0 556 439
cpu 11 166366 0 50539 2722233 6806 0 5
cpu 10 192775 0 45257 2702324 8876 0 4
cpu 13 161150 0 45601 2732687 6484 0 2
cpu 12 164554 0 44604 2731041 6935 0 1
cpu 15 163600 0 43632 2732536 6464 0 2
cpu 14 157347 0 44879 2738463 6439 0 3
cpu 17 149084 0 43807 2747052 6641 0 1
cpu 16 158417 0 42357 2740801 5871 0 1
cpu 19 129808 0 29772 2781571 6195 0 0
cpu 18 175646 0 30064 2736171 5737 0 2
cpu 1 146956 0 33596 2753387 7920 0 687
cpu 0 143558 45 32342 2733518 9551 0 1148
cpu 3 168702 0 50664 2718442 7213 0 595
cpu 2 162483 0 46310 2727419 9016 0 189
cpu 5 168229 0 51017 2720083 7124 0 453
cpu 4 163416 1 51208 2723632 7453 0 111
cpu 7 159517 0 50298 2729834 6282 0 539
cpu 6 182298 0 49990 2706855 7555 0 324
cpu 9 161010 0 50938 2724680 7646 0 376
cpu 8 156139 0 56809 2725811 6024 0 335
mem 1 99033092 97127668 1905424 111888 1166208 544 0 1101484 70492 176792 3872 0 0 174864 0 0 0
mem 0 97636988 59189128 38447860 643872 36679884 700 0 36836852 4357692 489956 18776 0 0 462248 4096 0 0
net lo 0 0 2261401 0 0 0 0 0 0 0 0 0 18963 0 2261401 0 0 0 0 0 0 18963 0
net eno1 0 147092 40322335097 0 0 337 0 0 0 0 0 0 30102526 0 1189108622 0 0 0 0 0 0 5935247 0
net vnet31 0 0 162026 0 0 0 0 0 0 0 0 0 766 0 123929 0 0 0 0 0 0 691 0
net virbr0 0 689 9959651395 0 0 0 0 0 0 0 0 0 39711320 0 38378889094 0 0 0 0 0 0 23504578 0
numa 1 95570108 18781169 10118603 29535 95525853 18825411
numa 0 96024741 10118603 18781169 29710 96023540 10119814
ps - 483049110 158475 282 168 123 5 686
sysv_shm - 0 0
tmpfs /run/lock 0 6
tmpfs /run 2080768 1098
tmpfs /run/user/20029 0 20
tmpfs /run/qemu 0 1
tmpfs /dev/shm 37614133248 105314
vfs - 133529 4984 183492
vm - 2 18382303 431540498 251897 1617408 219017621 264141395 70580818 6397050 158285568 52440 0 0 0 0 0 1811072 0 311878 5997 0 1616633 66 0 3 0 0

1778474783.164095 0 node0.mimesys-workload.ldos-ut-pg0.wisc.cloudlab.us
block sda 445049 207857 36757134 264210 2595830 17621043 863081021 12819124 0 2136932 13345027
block sdb 479 0 7540 438 4 0 0 0 0 556 439
cpu 11 166367 0 50540 2722333 6806 0 5
cpu 10 192775 0 45258 2702425 8876 0 4
cpu 13 161150 0 45604 2732788 6484 0 2
cpu 12 164555 0 44606 2731141 6935 0 1
cpu 15 163601 0 43633 2732638 6464 0 2
cpu 14 157347 0 44881 2738564 6439 0 3
cpu 17 149084 0 43808 2747154 6641 0 1
cpu 16 158418 0 42357 2740903 5871 0 1
cpu 19 129808 0 29773 2781673 6195 0 0
cpu 18 175648 0 30065 2736273 5737 0 2
cpu 1 146995 0 33598 2753447 7920 0 688
cpu 0 143594 45 32344 2733583 9551 0 1148
cpu 3 168738 0 50666 2718507 7213 0 595
cpu 2 162520 0 46312 2727483 9016 0 189
cpu 5 168294 0 51025 2720111 7124 0 453
cpu 4 163454 1 51213 2723693 7453 0 111
cpu 7 159538 0 50298 2729915 6282 0 539
cpu 6 182338 0 49992 2706915 7555 0 324
cpu 9 161010 0 50938 2724782 7646 0 376
cpu 8 156140 0 56812 2725911 6024 0 335
mem 1 99033092 97127920 1905172 111932 1164248 552 0 1101484 70048 174820 3540 0 0 174928 0 0 0
mem 0 97636988 59118064 38518924 643988 36750908 728 0 36908888 4429684 489652 19020 0 0 462256 4096 0 0
net lo 0 0 2261958 0 0 0 0 0 0 0 0 0 18967 0 2261958 0 0 0 0 0 0 18967 0
net eno1 0 147101 40322341520 0 0 337 0 0 0 0 0 0 30102625 0 1189109985 0 0 0 0 0 0 5935253 0
net vnet31 0 0 166931 0 0 0 0 0 0 0 0 0 791 0 128785 0 0 0 0 0 0 714 0
net virbr0 0 689 9959655950 0 0 0 0 0 0 0 0 0 39711345 0 38378893898 0 0 0 0 0 0 23504600 0
numa 1 95574924 18781169 10118603 29535 95530669 18825411
numa 0 96043087 10118603 18781169 29710 96041886 10119814
ps - 483056721 158521 282 168 123 3 686
sysv_shm - 0 0
tmpfs /run/lock 0 6
tmpfs /run 2080768 1098
tmpfs /run/user/20029 0 20
tmpfs /run/qemu 0 1
tmpfs /dev/shm 37614133248 105314
vfs - 133531 5024 183515
vm - 2 18382303 431540510 251897 1617408 219040763 264147028 70580829 6397050 158311545 52440 0 0 0 0 0 1811072 0 311878 5997 0 1616633 66 0 3 0 0

1778474784.203429 0 node0.mimesys-workload.ldos-ut-pg0.wisc.cloudlab.us
block sda 445053 207857 36758062 264213 2595839 17621058 863081621 12819125 0 2136952 13345032
block sdb 479 0 7540 438 4 0 0 0 0 556 439
cpu 11 166369 0 50543 2722432 6806 0 5
cpu 10 192776 0 45260 2702527 8876 0 4
cpu 13 161154 0 45604 2732887 6484 0 2
cpu 12 164557 0 44608 2731242 6935 0 1
cpu 15 163602 0 43635 2732738 6464 0 2
cpu 14 157349 0 44883 2738665 6439 0 3
cpu 17 149086 0 43809 2747257 6641 0 1
cpu 16 158418 0 42358 2741006 5871 0 1
cpu 19 129809 0 29775 2781774 6195 0 0
cpu 18 175648 0 30067 2736375 5737 0 2
cpu 1 147056 0 33599 2753488 7920 0 688
cpu 0 143616 45 32346 2733660 9551 0 1148
cpu 3 168762 0 50668 2718585 7213 0 595
cpu 2 162575 0 46318 2727524 9016 0 189
cpu 5 168314 0 51027 2720191 7124 0 453
cpu 4 163485 1 51214 2723765 7453 0 111
cpu 7 159586 0 50301 2729966 6283 0 539
cpu 6 182388 0 49993 2706968 7555 0 324
cpu 9 161010 0 50939 2724885 7646 0 376
cpu 8 156140 0 56812 2726015 6024 0 335
mem 1 99033092 97128724 1904368 111948 1165880 560 0 1101492 70452 176424 3668 0 0 174912 0 0 0
mem 0 97636988 59084044 38552944 643980 36783824 764 0 36942040 4462380 489368 18824 0 0 462256 4096 0 0
net lo 0 0 2263125 0 0 0 0 0 0 0 0 0 18975 0 2263125 0 0 0 0 0 0 18975 0
net eno1 0 147101 40322348451 0 0 337 0 0 0 0 0 0 30102731 0 1189110497 0 0 0 0 0 0 5935258 0
net vnet31 0 0 169968 0 0 0 0 0 0 0 0 0 806 0 132591 0 0 0 0 0 0 727 0
net virbr0 0 689 9959658777 0 0 0 0 0 0 0 0 0 39711360 0 38378897704 0 0 0 0 0 0 23504613 0
numa 1 95581199 18781169 10118603 29535 95536944 18825411
numa 0 96052206 10118603 18781169 29710 96051005 10119814
ps - 483064241 158572 283 171 124 5 686
sysv_shm - 0 0
tmpfs /run/lock 0 6
tmpfs /run 2080768 1098
tmpfs /run/user/20029 0 20
tmpfs /run/qemu 0 1
tmpfs /dev/shm 37614141440 105314
vfs - 133530 5104 183493
vm - 2 18382767 431540810 251897 1617408 219056157 264153488 70580833 6397050 158330575 52444 0 0 0 0 0 1811072 0 311878 5997 0 1616633 66 0 3 0 0

1778474785.242934 0 node0.mimesys-workload.ldos-ut-pg0.wisc.cloudlab.us
block sda 445053 207857 36758062 264213 2595839 17621058 863081621 12819125 0 2136952 13345032
block sdb 479 0 7540 438 4 0 0 0 0 556 439
cpu 11 166369 0 50544 2722534 6806 0 5
cpu 10 192778 0 45262 2702626 8876 0 4
cpu 13 161155 0 45606 2732988 6484 0 2
cpu 12 164559 0 44609 2731343 6935 0 1
cpu 15 163603 0 43637 2732839 6464 0 2
cpu 14 157350 0 44884 2738767 6439 0 3
cpu 17 149086 0 43810 2747360 6641 0 1
cpu 16 158419 0 42360 2741107 5871 0 1
cpu 19 129810 0 29778 2781874 6195 0 0
cpu 18 175649 0 30068 2736477 5737 0 2
cpu 1 147087 0 33600 2753559 7920 0 688
cpu 0 143653 45 32346 2733726 9551 0 1148
cpu 3 168825 0 50668 2718625 7213 0 595
cpu 2 162658 0 46323 2727541 9016 0 189
cpu 5 168365 0 51028 2720243 7124 0 453
cpu 4 163504 1 51215 2723846 7453 0 111
cpu 7 159610 0 50302 2730044 6283 0 539
cpu 6 182405 0 49993 2707054 7555 0 324
cpu 9 161011 0 50940 2724988 7646 0 376
cpu 8 156141 0 56814 2726115 6024 0 335
mem 1 99033092 97128472 1904620 111944 1164160 576 0 1101496 70048 174696 3664 0 0 174912 0 0 0
mem 0 97636988 59016760 38620228 643996 36851260 792 0 37009108 4529560 489776 19040 0 0 462304 4096 0 0
net lo 0 0 2263682 0 0 0 0 0 0 0 0 0 18979 0 2263682 0 0 0 0 0 0 18979 0
net eno1 0 147108 40322354934 0 0 337 0 0 0 0 0 0 30102831 0 1189111840 0 0 0 0 0 0 5935264 0
net vnet31 0 0 171902 0 0 0 0 0 0 0 0 0 817 0 133641 0 0 0 0 0 0 737 0
net virbr0 0 689 9959660557 0 0 0 0 0 0 0 0 0 39711371 0 38378898702 0 0 0 0 0 0 23504622 0
numa 1 95586616 18781169 10118603 29535 95542361 18825411
numa 0 96069585 10118603 18781169 29710 96068384 10119814
ps - 483068383 158622 283 171 124 2 686
sysv_shm - 0 0
tmpfs /run/lock 0 6
tmpfs /run 2080768 1098
tmpfs /run/user/20029 0 20
tmpfs /run/qemu 0 1
tmpfs /dev/shm 37614141440 105314
vfs - 133527 5104 183489
vm - 2 18382767 431540810 251897 1617408 219079012 264159702 70580839 6397050 158356364 52444 0 0 0 0 0 1811072 0 311878 5997 0 1616633 66 0 3 0 0

1778474786.284344 0 node0.mimesys-workload.ldos-ut-pg0.wisc.cloudlab.us
block sda 445053 207857 36758062 264213 2596503 17621062 863089829 12819199 0 2136984 13345105
block sdb 479 0 7540 438 4 0 0 0 0 556 439
cpu 11 166372 0 50545 2722634 6806 0 5
cpu 10 192778 0 45264 2702727 8876 0 4
cpu 13 161156 0 45608 2733090 6484 0 2
cpu 12 164560 0 44610 2731444 6935 0 1
cpu 15 163604 0 43638 2732941 6464 0 2
cpu 14 157352 0 44886 2738866 6439 0 3
cpu 17 149087 0 43812 2747461 6641 0 1
cpu 16 158419 0 42361 2741209 5871 0 1
cpu 19 129811 0 29781 2781973 6195 0 0
cpu 18 175650 0 30068 2736580 5737 0 2
cpu 1 147128 0 33600 2753621 7920 0 688
cpu 0 143691 45 32350 2733788 9552 0 1148
cpu 3 168880 0 50670 2718672 7214 0 595
cpu 2 162743 0 46325 2727558 9016 0 189
cpu 5 168428 0 51029 2720281 7124 0 453
cpu 4 163542 1 51218 2723910 7453 0 111
cpu 7 159639 0 50303 2730115 6283 0 539
cpu 6 182448 0 49994 2707112 7555 0 324
cpu 9 161012 0 50941 2725089 7646 0 376
cpu 8 156142 0 56818 2726214 6025 0 335
mem 1 99033092 97128980 1904112 111988 1164144 72 0 1101496 70308 174812 3804 0 0 174984 0 0 0
mem 0 97636988 58946704 38690284 644024 36922676 48 0 37080284 4600736 490064 19224 0 0 462304 4096 0 0
net lo 0 0 2264849 0 0 0 0 0 0 0 0 0 18987 0 2264849 0 0 0 0 0 0 18987 0
net eno1 0 147108 40322361997 0 0 337 0 0 0 0 0 0 30102939 0 1189113398 0 0 0 0 0 0 5935272 0
net vnet31 0 0 176972 0 0 0 0 0 0 0 0 0 845 0 138329 0 0 0 0 0 0 758 0
net virbr0 0 689 9959665235 0 0 0 0 0 0 0 0 0 39711399 0 38378903390 0 0 0 0 0 0 23504643 0
numa 1 95593093 18781169 10118603 29535 95548838 18825411
numa 0 96088440 10118603 18781169 29710 96087239 10119814
ps - 483075475 158674 283 171 124 6 686
sysv_shm - 0 0
tmpfs /run/lock 0 6
tmpfs /run 2080768 1098
tmpfs /run/user/20029 0 20
tmpfs /run/qemu 0 1
tmpfs /dev/shm 37614141440 105314
vfs - 133531 5104 183515
vm - 2 18382767 431544914 251897 1617408 219104302 264167033 70580855 6397050 158385286 52444 0 0 0 0 0 1811072 0 311878 5997 0 1616633 66 0 3 0 0

1778474787.323145 0 node0.mimesys-workload.ldos-ut-pg0.wisc.cloudlab.us
block sda 445055 207857 36758078 264213 2596503 17621062 863089829 12819199 0 2136988 13345105
block sdb 479 0 7540 438 4 0 0 0 0 556 439
cpu 11 166373 0 50546 2722735 6806 0 5
cpu 10 192779 0 45267 2702827 8876 0 4
cpu 13 161157 0 45609 2733191 6484 0 2
cpu 12 164562 0 44612 2731546 6935 0 1
cpu 15 163605 0 43638 2733043 6464 0 2
cpu 14 157353 0 44888 2738967 6439 0 3
cpu 17 149087 0 43812 2747564 6641 0 1
cpu 16 158420 0 42362 2741312 5871 0 1
cpu 19 129814 0 29784 2782070 6195 0 0
cpu 18 175652 0 30072 2736680 5737 0 2
cpu 1 147168 0 33603 2753681 7920 0 688
cpu 0 143746 45 32351 2733836 9552 0 1148
cpu 3 168940 0 50671 2718715 7214 0 595
cpu 2 162777 0 46327 2727625 9016 0 189
cpu 5 168479 0 51030 2720331 7124 0 453
cpu 4 163604 1 51219 2723950 7453 0 111
cpu 7 159708 0 50306 2730147 6283 0 539
cpu 6 182494 0 49999 2707165 7555 0 324
cpu 9 161013 0 50942 2725190 7646 0 376
cpu 8 156142 0 56818 2726318 6025 0 335
mem 1 99033092 97128224 1904868 111984 1166508 132 0 1101500 70492 178000 3884 0 0 174984 0 0 0
mem 0 97636988 58858756 38778232 644032 37008724 176 0 37166628 4687028 489772 19448 0 0 462304 4096 0 0
net lo 0 0 2266016 0 0 0 0 0 0 0 0 0 18995 0 2266016 0 0 0 0 0 0 18995 0
net eno1 0 147117 40322369008 0 0 337 0 0 0 0 0 0 30103041 0 1189113910 0 0 0 0 0 0 5935277 0
net vnet31 0 0 179000 0 0 0 0 0 0 0 0 0 852 0 140411 0 0 0 0 0 0 765 0
net virbr0 0 689 9959667165 0 0 0 0 0 0 0 0 0 39711406 0 38378905420 0 0 0 0 0 0 23504649 0
numa 1 95599595 18781169 10118603 29535 95555340 18825411
numa 0 96110385 10118603 18781169 29710 96109184 10119814
ps - 483080510 158726 283 171 124 4 686
sysv_shm - 0 0
tmpfs /run/lock 0 6
tmpfs /run 2080768 1098
tmpfs /run/user/20029 0 20
tmpfs /run/qemu 0 1
tmpfs /dev/shm 37614141440 105314
vfs - 133530 5144 183493
vm - 2 18382775 431544914 251897 1617408 219132735 264173569 70580859 6397050 158417428 52444 0 0 0 0 0 1811072 0 311878 5997 0 1616633 66 0 3 0 0

1778474788.364107 0 node0.mimesys-workload.ldos-ut-pg0.wisc.cloudlab.us
block sda 445056 207857 36758126 264214 2596505 17621062 863089845 12819200 0 2137000 13345107
block sdb 479 0 7540 438 4 0 0 0 0 556 439
cpu 11 166374 0 50546 2722837 6806 0 5
cpu 10 192780 0 45269 2702928 8876 0 4
cpu 13 161158 0 45610 2733293 6484 0 2
cpu 12 164562 0 44614 2731646 6935 0 1
cpu 15 163606 0 43640 2733145 6464 0 2
cpu 14 157354 0 44890 2739068 6439 0 3
cpu 17 149088 0 43813 2747665 6641 0 1
cpu 16 158420 0 42363 2741414 5871 0 1
cpu 19 129815 0 29785 2782172 6195 0 0
cpu 18 175652 0 30074 2736782 5737 0 2
cpu 1 147229 0 33605 2753722 7920 0 688
cpu 0 143772 45 32354 2733910 9552 0 1148
cpu 3 169014 0 50674 2718741 7214 0 595
cpu 2 162813 0 46330 2727687 9016 0 189
cpu 5 168563 0 51032 2720349 7124 0 453
cpu 4 163630 1 51222 2724023 7453 0 111
cpu 7 159731 0 50307 2730225 6283 0 539
cpu 6 182520 0 50001 2707241 7555 0 324
cpu 9 161014 0 50942 2725292 7646 0 376
cpu 8 156143 0 56821 2726418 6025 0 335
mem 1 99033092 97127972 1905120 111992 1163920 128 0 1101500 70296 174448 3488 0 0 174960 0 0 0
mem 0 97636988 58829524 38807464 644040 37039560 224 0 37197356 4717764 489896 19616 0 0 462296 4096 0 0
net lo 0 0 2266573 0 0 0 0 0 0 0 0 0 18999 0 2266573 0 0 0 0 0 0 18999 0
net eno1 0 147117 40322376115 0 0 337 0 0 0 0 0 0 30103151 0 1189115559 0 0 0 0 0 0 5935286 0
net vnet31 0 0 181976 0 0 0 0 0 0 0 0 0 872 0 143069 0 0 0 0 0 0 780 0
net virbr0 0 689 9959669861 0 0 0 0 0 0 0 0 0 39711426 0 38378908078 0 0 0 0 0 0 23504664 0
numa 1 95604427 18781169 10118603 29535 95560172 18825411
numa 0 96118408 10118603 18781169 29710 96117207 10119814
ps - 483087816 158772 283 171 124 3 686
sysv_shm - 0 0
tmpfs /run/lock 0 6
tmpfs /run 2080768 1098
tmpfs /run/user/20029 0 20
tmpfs /run/qemu 0 1
tmpfs /dev/shm 37614194688 105321
vfs - 133535 5144 183501
vm - 2 18382799 431544922 251897 1617408 219145602 264179218 70580870 6397050 158433146 52444 0 0 0 0 0 1811072 0 311878 5997 0 1616633 66 0 3 0 0

1778474789.405823 0 node0.mimesys-workload.ldos-ut-pg0.wisc.cloudlab.us
block sda 445056 207857 36758126 264214 2596515 17621076 863090325 12819201 0 2137012 13345109
block sdb 479 0 7540 438 4 0 0 0 0 556 439
cpu 11 166376 0 50548 2722938 6806 0 5
cpu 10 192782 0 45272 2703027 8876 0 4
cpu 13 161159 0 45611 2733395 6484 0 2
cpu 12 164564 0 44616 2731747 6935 0 1
cpu 15 163607 0 43642 2733247 6464 0 2
cpu 14 157356 0 44891 2739168 6439 0 3
cpu 17 149089 0 43815 2747766 6641 0 1
cpu 16 158420 0 42364 2741517 5871 0 1
cpu 19 129816 0 29786 2782275 6195 0 0
cpu 18 175656 0 30076 2736880 5737 0 2
cpu 1 147288 0 33609 2753763 7920 0 688
cpu 0 143804 45 32358 2733979 9552 0 1148
cpu 3 169086 0 50683 2718763 7214 0 595
cpu 2 162881 0 46334 2727720 9016 0 189
cpu 5 168597 0 51034 2720417 7124 0 453
cpu 4 163683 1 51230 2724069 7453 0 111
cpu 7 159766 0 50308 2730292 6283 0 539
cpu 6 182540 0 50005 2707320 7555 0 324
cpu 9 161016 0 50943 2725393 7646 0 376
cpu 8 156147 0 56824 2726515 6025 0 335
mem 1 99033092 97124700 1908392 112028 1165612 136 0 1101516 70688 176200 3704 0 0 174960 0 0 0
mem 0 97636988 58725196 38911792 644092 37143748 248 0 37301728 4822204 489768 19736 0 0 462304 4096 0 0
net lo 0 0 2267740 0 0 0 0 0 0 0 0 0 19007 0 2267740 0 0 0 0 0 0 19007 0
net eno1 0 147124 40322382758 0 0 337 0 0 0 0 0 0 30103252 0 1189117039 0 0 0 0 0 0 5935293 0
net vnet31 0 0 185211 0 0 0 0 0 0 0 0 0 890 0 146927 0 0 0 0 0 0 794 0
net virbr0 0 689 9959672844 0 0 0 0 0 0 0 0 0 39711444 0 38378911884 0 0 0 0 0 0 23504677 0
numa 1 95610856 18781169 10118603 29535 95566601 18825411
numa 0 96145413 10118603 18781169 29710 96144212 10119814
ps - 483098368 158823 301 176 126 7 686
sysv_shm - 0 0
tmpfs /run/lock 0 6
tmpfs /run 2080768 1098
tmpfs /run/user/20029 0 20
tmpfs /run/qemu 0 1
tmpfs /dev/shm 37614252032 105328
vfs - 133548 5264 183545
vm - 2 18382799 431545162 251897 1617408 219179062 264185693 70580872 6397050 158470477 52444 0 0 0 0 0 1811072 0 311878 5997 0 1616633 66 0 3 0 0

1778474790.444242 0 node0.mimesys-workload.ldos-ut-pg0.wisc.cloudlab.us
block sda 445056 207857 36758126 264214 2596515 17621076 863090325 12819201 0 2137012 13345109
block sdb 479 0 7540 438 4 0 0 0 0 556 439
cpu 11 166376 0 50548 2723041 6806 0 5
cpu 10 192783 0 45274 2703129 8876 0 4
cpu 13 161160 0 45612 2733497 6484 0 2
cpu 12 164565 0 44618 2731847 6935 0 1
cpu 15 163608 0 43642 2733349 6464 0 2
cpu 14 157357 0 44892 2739271 6439 0 3
cpu 17 149092 0 43816 2747865 6641 0 1
cpu 16 158421 0 42367 2741619 5871 0 1
cpu 19 129816 0 29786 2782377 6195 0 0
cpu 18 175657 0 30076 2736981 5737 0 2
cpu 1 147367 0 33612 2753782 7920 0 688
cpu 0 143882 45 32361 2734003 9552 0 1148
cpu 3 169161 0 50685 2718790 7214 0 595
cpu 2 162940 0 46334 2727765 9016 0 189
cpu 5 168657 0 51036 2720459 7124 0 453
cpu 4 163738 1 51235 2724111 7453 0 111
cpu 7 159830 0 50316 2730326 6283 0 539
cpu 6 182612 0 50012 2707344 7555 0 324
cpu 9 161018 0 50944 2725495 7646 0 376
cpu 8 156147 0 56825 2726618 6025 0 335
mem 1 99033092 97124952 1908140 112028 1164432 164 0 1101516 70048 175064 3444 0 0 174960 0 0 0
mem 0 97636988 58618096 39018892 644120 37249872 268 0 37408672 4928932 489324 20104 0 0 462328 4096 0 0
net lo 0 0 2268297 0 0 0 0 0 0 0 0 0 19011 0 2268297 0 0 0 0 0 0 19011 0
net eno1 0 147124 40322389535 0 0 337 0 0 0 0 0 0 30103357 0 1189117450 0 0 0 0 0 0 5935297 0
net vnet31 0 0 187244 0 0 0 0 0 0 0 0 0 902 0 148041 0 0 0 0 0 0 804 0
net virbr0 0 689 9959674709 0 0 0 0 0 0 0 0 0 39711456 0 38378912998 0 0 0 0 0 0 23504687 0
numa 1 95615932 18781169 10118603 29535 95571677 18825411
numa 0 96172109 10118603 18781169 29710 96170908 10119814
ps - 483106932 158869 301 176 126 5 686
sysv_shm - 0 0
tmpfs /run/lock 0 6
tmpfs /run 2080768 1098
tmpfs /run/user/20029 0 20
tmpfs /run/qemu 0 1
tmpfs /dev/shm 37614252032 105328
vfs - 133542 5384 183511
vm - 2 18382799 431545162 251897 1617408 219210806 264191357 70580874 6397050 158505310 52444 0 0 0 0 0 1811072 0 311878 5997 0 1616633 66 0 3 0 0

1778474791.486163 0 node0.mimesys-workload.ldos-ut-pg0.wisc.cloudlab.us
block sda 445059 207857 36758198 264215 2596545 17621107 863091069 12819205 0 2137020 13345114
block sdb 479 0 7540 438 4 0 0 0 0 556 439
cpu 11 166376 0 50550 2723143 6806 0 5
cpu 10 192783 0 45277 2703230 8876 0 4
cpu 13 161160 0 45612 2733600 6484 0 2
cpu 12 164566 0 44620 2731948 6935 0 1
cpu 15 163609 0 43645 2733451 6464 0 2
cpu 14 157364 0 44893 2739365 6439 0 3
cpu 17 149092 0 43819 2747966 6641 0 1
cpu 16 158422 0 42369 2741720 5871 0 1
cpu 19 129816 0 29788 2782479 6195 0 0
cpu 18 175659 0 30079 2737081 5737 0 2
cpu 1 147454 0 33614 2753798 7920 0 688
cpu 0 143936 45 32366 2734047 9552 0 1148
cpu 3 169238 0 50687 2718816 7214 0 595
cpu 2 163005 0 46339 2727800 9016 0 189
cpu 5 168726 0 51038 2720491 7124 0 453
cpu 4 163805 1 51236 2724146 7453 0 111
cpu 7 159886 0 50319 2730371 6283 0 539
cpu 6 182677 0 50015 2707380 7555 0 324
cpu 9 161021 0 50944 2725595 7646 0 376
cpu 8 156149 0 56827 2726718 6025 0 335
mem 1 99033092 97123192 1909900 112016 1164420 176 0 1101520 70084 175028 3428 0 0 174944 0 0 0
mem 0 97636988 58464884 39172104 644128 37403368 296 0 37561816 5082152 489720 20436 0 0 462376 4096 0 0
net lo 0 0 2269464 0 0 0 0 0 0 0 0 0 19019 0 2269464 0 0 0 0 0 0 19019 0
net eno1 0 147132 40322395878 0 0 337 0 0 0 0 0 0 30103453 0 1189119012 0 0 0 0 0 0 5935305 0
net vnet31 0 0 192215 0 0 0 0 0 0 0 0 0 928 0 152897 0 0 0 0 0 0 827 0
net virbr0 0 689 9959679316 0 0 0 0 0 0 0 0 0 39711482 0 38378917802 0 0 0 0 0 0 23504709 0
numa 1 95622398 18781169 10118603 29535 95578143 18825411
numa 0 96211171 10118603 18781169 29710 96209970 10119814
ps - 483113608 158921 301 176 126 5 686
sysv_shm - 0 0
tmpfs /run/lock 0 6
tmpfs /run 2080768 1098
tmpfs /run/user/20029 0 20
tmpfs /run/qemu 0 1
tmpfs /dev/shm 37614260224 105328
vfs - 133542 5384 183511
vm - 2 18382835 431545534 251897 1617408 219256321 264198376 70580877 6397050 158554576 52445 0 0 0 0 0 1811072 0 311878 5997 0 1616633 66 0 3 0 0

1778474792.527653 0 node0.mimesys-workload.ldos-ut-pg0.wisc.cloudlab.us
block sda 445059 207857 36758198 264215 2596545 17621107 863091069 12819205 0 2137020 13345114
block sdb 479 0 7540 438 4 0 0 0 0 556 439
cpu 11 166376 0 50552 2723245 6806 0 5
cpu 10 192784 0 45282 2703329 8876 0 4
cpu 13 161162 0 45614 2733699 6484 0 2
cpu 12 164567 0 44624 2732049 6935 0 1
cpu 15 163609 0 43645 2733554 6464 0 2
cpu 14 157365 0 44893 2739468 6439 0 3
cpu 17 149092 0 43820 2748067 6641 0 1
cpu 16 158423 0 42370 2741822 5871 0 1
cpu 19 129818 0 29790 2782580 6195 0 0
cpu 18 175660 0 30082 2737181 5737 0 2
cpu 1 147516 0 33616 2753841 7920 0 688
cpu 0 144002 45 32371 2734081 9552 0 1148
cpu 3 169303 0 50691 2718851 7214 0 595
cpu 2 163064 0 46341 2727843 9016 0 189
cpu 5 168782 0 51039 2720538 7124 0 453
cpu 4 163867 1 51237 2724187 7453 0 111
cpu 7 159947 0 50324 2730411 6283 0 539
cpu 6 182744 0 50016 2707418 7555 0 324
cpu 9 161022 0 50946 2725697 7646 0 376
cpu 8 156151 0 56829 2726818 6025 0 335
mem 1 99033092 97122940 1910152 112016 1165108 188 0 1101520 70496 175840 3540 0 0 174892 0 0 0
mem 0 97636988 58364084 39272904 644128 37502788 308 0 37661104 5181460 489560 20664 0 0 462424 4096 0 0
net lo 0 0 2270631 0 0 0 0 0 0 0 0 0 19027 0 2270631 0 0 0 0 0 0 19027 0
net eno1 0 147132 40322402635 0 0 337 0 0 0 0 0 0 30103556 0 1189120286 0 0 0 0 0 0 5935311 0
net vnet31 0 0 194243 0 0 0 0 0 0 0 0 0 935 0 154979 0 0 0 0 0 0 834 0
net virbr0 0 689 9959681246 0 0 0 0 0 0 0 0 0 39711489 0 38378919832 0 0 0 0 0 0 23504715 0
numa 1 95628860 18781169 10118603 29535 95584605 18825411
numa 0 96236934 10118603 18781169 29710 96235733 10119814
ps - 483118126 158972 301 176 126 5 686
sysv_shm - 0 0
tmpfs /run/lock 0 6
tmpfs /run 2080768 1098
tmpfs /run/user/20029 0 20
tmpfs /run/qemu 0 1
tmpfs /dev/shm 37614260224 105328
vfs - 133547 5384 183537
vm - 2 18382835 431545534 251897 1617408 219288615 264204881 70580878 6397050 158590521 52445 0 0 0 0 0 1811072 0 311878 5997 0 1616633 66 0 3 0 0

1778474793.567963 0 node0.mimesys-workload.ldos-ut-pg0.wisc.cloudlab.us
block sda 445060 207857 36758454 264215 2596545 17621107 863091069 12819205 0 2137024 13345115
block sdb 479 0 7540 438 4 0 0 0 0 556 439
cpu 11 166377 0 50553 2723346 6806 0 5
cpu 10 192786 0 45283 2703428 8876 0 4
cpu 13 161165 0 45615 2733798 6484 0 2
cpu 12 164568 0 44625 2732151 6935 0 1
cpu 15 163610 0 43646 2733657 6464 0 2
cpu 14 157365 0 44895 2739570 6439 0 3
cpu 17 149094 0 43822 2748168 6641 0 1
cpu 16 158423 0 42371 2741925 5871 0 1
cpu 19 129818 0 29791 2782683 6195 0 0
cpu 18 175661 0 30084 2737283 5737 0 2
cpu 1 147582 0 33618 2753875 7920 0 688
cpu 0 144040 45 32372 2734146 9552 0 1148
cpu 3 169344 0 50692 2718914 7214 0 595
cpu 2 163114 0 46343 2727894 9016 0 189
cpu 5 168835 0 51041 2720588 7124 0 453
cpu 4 163928 1 51240 2724230 7453 0 111
cpu 7 159980 0 50325 2730479 6283 0 539
cpu 6 182776 0 50018 2707484 7555 0 324
cpu 9 161022 0 50946 2725801 7646 0 376
cpu 8 156152 0 56830 2726920 6025 0 335
mem 1 99033092 97123120 1909972 112032 1164160 208 0 1101524 70048 174764 3620 0 0 174892 0 0 0
mem 0 97636988 58339388 39297600 644152 37529012 332 0 37686628 5207376 489564 20780 0 0 462432 4096 0 0
net lo 0 0 2271188 0 0 0 0 0 0 0 0 0 19031 0 2271188 0 0 0 0 0 0 19031 0
net eno1 0 147141 40322408272 0 0 337 0 0 0 0 0 0 30103642 0 1189120697 0 0 0 0 0 0 5935315 0
net vnet31 0 0 197219 0 0 0 0 0 0 0 0 0 955 0 157637 0 0 0 0 0 0 849 0
net virbr0 0 689 9959683942 0 0 0 0 0 0 0 0 0 39711509 0 38378922490 0 0 0 0 0 0 23504730 0
numa 1 95633817 18781169 10118603 29535 95589562 18825411
numa 0 96243217 10118603 18781169 29710 96242016 10119814
ps - 483125815 159018 309 180 127 4 686
sysv_shm - 0 0
tmpfs /run/lock 0 6
tmpfs /run 2080768 1098
tmpfs /run/user/20029 0 20
tmpfs /run/qemu 0 1
tmpfs /dev/shm 37614260224 105328
vfs - 133542 5384 183519
vm - 2 18382963 431545534 251897 1617408 219299790 264210505 70580891 6397050 158604492 52445 0 0 0 0 0 1811072 0 311878 5997 0 1616633 66 0 3 0 0

1778474794.607298 0 node0.mimesys-workload.ldos-ut-pg0.wisc.cloudlab.us
block sda 445071 207858 36759327 264222 2596568 17621142 863092293 12819209 0 2137068 13345125
block sdb 479 0 7540 438 4 0 0 0 0 556 439
cpu 11 166378 0 50554 2723448 6806 0 5
cpu 10 192788 0 45284 2703527 8876 0 4
cpu 13 161166 0 45616 2733900 6484 0 2
cpu 12 164569 0 44627 2732252 6935 0 1
cpu 15 163610 0 43648 2733759 6464 0 2
cpu 14 157372 0 44896 2739667 6439 0 3
cpu 17 149095 0 43824 2748268 6641 0 1
cpu 16 158426 0 42374 2742023 5871 0 1
cpu 19 129818 0 29793 2782785 6195 0 0
cpu 18 175661 0 30086 2737385 5737 0 2
cpu 1 147646 0 33622 2753911 7920 0 689
cpu 0 144074 45 32375 2734211 9552 0 1148
cpu 3 169389 0 50695 2718969 7214 0 595
cpu 2 163166 0 46350 2727938 9016 0 189
cpu 5 168871 0 51041 2720657 7124 0 453
cpu 4 163978 1 51244 2724278 7453 0 111
cpu 7 160020 0 50328 2730538 6283 0 539
cpu 6 182815 0 50021 2707545 7555 0 324
cpu 9 161022 0 50946 2725904 7646 0 376
cpu 8 156154 0 56830 2727022 6025 0 335
mem 1 99033092 97121804 1911288 112064 1166320 200 0 1101536 70760 177004 3948 0 0 174892 0 0 0
mem 0 97636988 58230776 39406212 644156 37637220 372 0 37795300 5315364 489600 20880 0 0 462432 4096 0 0
net lo 0 0 2272355 0 0 0 0 0 0 0 0 0 19039 0 2272355 0 0 0 0 0 0 19039 0
net eno1 0 147141 40322416049 0 0 337 0 0 0 0 0 0 30103762 0 1189122259 0 0 0 0 0 0 5935323 0
net vnet31 0 0 200157 0 0 0 0 0 0 0 0 0 969 0 161379 0 0 0 0 0 0 862 0
net virbr0 0 689 9959686684 0 0 0 0 0 0 0 0 0 39711523 0 38378926180 0 0 0 0 0 0 23504742 0
numa 1 95640179 18781169 10118603 29535 95595924 18825411
numa 0 96270980 10118603 18781169 29710 96269779 10119814
ps - 483133382 159069 309 180 127 4 686
sysv_shm - 0 0
tmpfs /run/lock 0 6
tmpfs /run 2080768 1098
tmpfs /run/user/20029 0 20
tmpfs /run/qemu 0 1
tmpfs /dev/shm 37614260224 105328
vfs - 133544 5464 183514
vm - 2 18383399 431546146 251897 1617408 219333912 264217052 70580892 6397050 158642218 52445 0 0 0 0 0 1811072 0 311878 5997 0 1616633 66 0 3 0 0

1778474795.645356 0 node0.mimesys-workload.ldos-ut-pg0.wisc.cloudlab.us
block sda 445106 207858 36759687 264239 2596752 17626376 863358789 12820615 1 2137472 13346549
block sdb 479 0 7540 438 4 0 0 0 0 556 439
cpu 11 166378 0 50556 2723549 6806 0 5
cpu 10 192790 0 45289 2703624 8876 0 4
cpu 13 161166 0 45617 2734003 6484 0 2
cpu 12 164569 0 44628 2732354 6935 0 1
cpu 15 163610 0 43648 2733862 6464 0 2
cpu 14 157372 0 44897 2739769 6439 0 3
cpu 17 149097 0 43826 2748369 6641 0 1
cpu 16 158426 0 42375 2742125 5871 0 1
cpu 19 129819 0 29795 2782886 6195 0 0
cpu 18 175661 0 30089 2737485 5737 0 2
cpu 1 147690 0 33624 2753967 7921 0 689
cpu 0 144137 45 32388 2734236 9554 0 1148
cpu 3 169425 0 50703 2719025 7216 0 595
cpu 2 163211 0 46364 2727980 9020 0 189
cpu 5 168916 0 51057 2720694 7130 0 453
cpu 4 164023 1 51257 2724323 7454 0 111
cpu 7 160056 0 50340 2730588 6288 0 539
cpu 6 182866 0 50029 2707583 7564 0 324
cpu 9 161022 0 50946 2726008 7646 0 376
cpu 8 156156 0 56832 2727122 6025 0 335
mem 1 99033092 97122620 1910472 128988 1147644 216 0 1101540 70044 175188 3612 0 0 174876 0 0 0
mem 0 97636988 57872860 39764128 644432 37992716 388 0 38151424 5671148 489288 22148 0 0 462360 4096 0 0
net lo 0 0 2272912 0 0 0 0 0 0 0 0 0 19043 0 2272912 0 0 0 0 0 0 19043 0
net eno1 0 147149 40322422553 0 0 337 0 0 0 0 0 0 30103857 0 1189123448 0 0 0 0 0 0 5935328 0
net vnet31 0 0 202091 0 0 0 0 0 0 0 0 0 980 0 162377 0 0 0 0 0 0 871 0
net virbr0 0 689 9959688464 0 0 0 0 0 0 0 0 0 39711534 0 38378927178 0 0 0 0 0 0 23504751 0
numa 1 95645338 18781169 10118603 29535 95601083 18825411
numa 0 96361970 10118603 18781169 29710 96360769 10119814
ps - 483139626 159119 309 180 127 3 686
sysv_shm - 0 0
tmpfs /run/lock 0 6
tmpfs /run 2080768 1098
tmpfs /run/user/20029 0 20
tmpfs /run/qemu 0 1
tmpfs /dev/shm 37614268416 105328
vfs - 133546 5424 183544
vm - 2 18383579 431686562 251897 1617408 219430215 264223396 70585154 6397050 158762022 52445 0 0 0 0 0 1811072 0 311878 5997 0 1616633 66 0 3 0 0

1778474796.684264 0 node0.mimesys-workload.ldos-ut-pg0.wisc.cloudlab.us
block sda 445110 207858 36759794 264240 2596786 17627183 863399429 12820871 0 2137556 13346806
block sdb 479 0 7540 438 4 0 0 0 0 556 439
cpu 11 166379 0 50557 2723651 6806 0 5
cpu 10 192790 0 45290 2703726 8876 0 4
cpu 13 161172 0 45618 2734099 6484 0 2
cpu 12 164572 0 44631 2732452 6935 0 1
cpu 15 163611 0 43650 2733962 6464 0 2
cpu 14 157373 0 44898 2739870 6439 0 3
cpu 17 149099 0 43830 2748468 6641 0 1
cpu 16 158428 0 42377 2742226 5871 0 1
cpu 19 129819 0 29798 2782988 6195 0 0
cpu 18 175663 0 30090 2737586 5737 0 2
cpu 1 147730 0 33626 2754027 7921 0 689
cpu 0 144202 45 32396 2734268 9554 0 1148
cpu 3 169471 0 50707 2719078 7216 0 596
cpu 2 163256 0 46366 2728036 9020 0 189
cpu 5 168980 0 51061 2720728 7134 0 453
cpu 4 164088 1 51260 2724360 7454 0 111
cpu 7 160106 0 50343 2730640 6289 0 539
cpu 6 182944 0 50032 2707605 7564 0 324
cpu 9 161023 0 50947 2726110 7646 0 376
cpu 8 156157 0 56834 2727222 6025 0 335
mem 1 99033092 97122368 1910724 128992 1147632 232 0 1101544 70044 175644 3620 0 0 174876 0 0 0
mem 0 97636988 57698476 39938512 644480 38166588 412 0 38325572 5845276 489224 22508 0 0 462384 4096 0 0
net lo 0 0 2274079 0 0 0 0 0 0 0 0 0 19051 0 2274079 0 0 0 0 0 0 19051 0
net eno1 0 147149 40322428644 0 0 337 0 0 0 0 0 0 30103949 0 1189125010 0 0 0 0 0 0 5935336 0
net vnet31 0 0 206963 0 0 0 0 0 0 0 0 0 1005 0 167117 0 0 0 0 0 0 893 0
net virbr0 0 689 9959692986 0 0 0 0 0 0 0 0 0 39711559 0 38378931866 0 0 0 0 0 0 23504772 0
numa 1 95651975 18781169 10118603 29535 95607720 18825411
numa 0 96405600 10118603 18781169 29710 96404399 10119814
ps - 483145691 159171 309 180 127 5 686
sysv_shm - 0 0
tmpfs /run/lock 0 6
tmpfs /run 2080768 1098
tmpfs /run/user/20029 0 20
tmpfs /run/qemu 0 1
tmpfs /dev/shm 37614268416 105328
vfs - 133549 5464 183568
vm - 2 18383633 431699714 251897 1617408 219480342 264230446 70585157 6397050 158815726 52445 0 0 0 0 0 1811072 0 311878 5997 0 1616633 66 0 3 0 0

1778474797.726398 0 node0.mimesys-workload.ldos-ut-pg0.wisc.cloudlab.us
block sda 445110 207858 36759794 264240 2596786 17627183 863399429 12820871 0 2137556 13346806
block sdb 479 0 7540 438 4 0 0 0 0 556 439
cpu 11 166380 0 50558 2723754 6806 0 5
cpu 10 192791 0 45291 2703828 8876 0 4
cpu 13 161173 0 45621 2734197 6484 0 2
cpu 12 164572 0 44634 2732554 6935 0 1
cpu 15 163612 0 43650 2734065 6464 0 2
cpu 14 157375 0 44900 2739971 6439 0 3
cpu 17 149107 0 43830 2748565 6641 0 1
cpu 16 158428 0 42379 2742328 5871 0 1
cpu 19 129821 0 29800 2783089 6195 0 0
cpu 18 175664 0 30092 2737687 5737 0 2
cpu 1 147803 0 33633 2754051 7921 0 689
cpu 0 144271 45 32402 2734296 9554 0 1148
cpu 3 169536 0 50708 2719117 7216 0 596
cpu 2 163327 0 46372 2728064 9020 0 189
cpu 5 169069 0 51064 2720740 7134 0 453
cpu 4 164168 1 51261 2724385 7454 0 111
cpu 7 160170 0 50345 2730677 6289 0 539
cpu 6 183032 0 50034 2707620 7564 0 324
cpu 9 161023 0 50949 2726212 7646 0 376
cpu 8 156157 0 56834 2727326 6025 0 335
mem 1 99033092 97122872 1910220 129000 1148932 240 0 1101548 70488 176216 3924 0 0 174864 0 0 0
mem 0 97636988 57481916 40155072 644480 38383584 452 0 38541600 6061356 489716 22956 0 0 462408 4096 0 0
net lo 0 0 2275246 0 0 0 0 0 0 0 0 0 19059 0 2275246 0 0 0 0 0 0 19059 0
net eno1 0 147158 40322435401 0 0 337 0 0 0 0 0 0 30104051 0 1189125522 0 0 0 0 0 0 5935341 0
net vnet31 0 0 210033 0 0 0 0 0 0 0 0 0 1021 0 170807 0 0 0 0 0 0 905 0
net virbr0 0 689 9959695832 0 0 0 0 0 0 0 0 0 39711575 0 38378935556 0 0 0 0 0 0 23504784 0
numa 1 95658535 18781169 10118603 29535 95614280 18825411
numa 0 96460380 10118603 18781169 29710 96459179 10119814
ps - 483148168 159223 309 180 127 9 686
sysv_shm - 0 0
tmpfs /run/lock 0 6
tmpfs /run 2080768 1098
tmpfs /run/user/20029 0 20
tmpfs /run/qemu 0 1
tmpfs /dev/shm 37614268416 105328
vfs - 133544 5424 183514
vm - 2 18383633 431699714 251897 1617408 219541668 264236959 70585161 6397050 158880686 52445 0 0 0 0 0 1811072 0 311878 5997 0 1616633 66 0 3 0 0

1778474798.767668 0 node0.mimesys-workload.ldos-ut-pg0.wisc.cloudlab.us
block sda 445111 207858 36759834 264241 2596786 17627183 863399429 12820871 0 2137560 13346806
block sdb 479 0 7540 438 4 0 0 0 0 556 439
cpu 11 166381 0 50561 2723852 6806 0 5
cpu 10 192795 0 45293 2703927 8876 0 4
cpu 13 161187 0 45624 2734284 6484 0 2
cpu 12 164582 0 44637 2732645 6935 0 1
cpu 15 163630 0 43654 2734148 6464 0 2
cpu 14 157380 0 44901 2740070 6439 0 3
cpu 17 149110 0 43832 2748664 6641 0 1
cpu 16 158431 0 42381 2742428 5871 0 1
cpu 19 129823 0 29802 2783188 6195 0 0
cpu 18 175673 0 30094 2737780 5737 0 2
cpu 1 147894 0 33636 2754061 7921 0 689
cpu 0 144366 45 32403 2734304 9554 0 1148
cpu 3 169620 0 50708 2719136 7216 0 596
cpu 2 163416 0 46373 2728078 9020 0 189
cpu 5 169157 0 51065 2720754 7134 0 453
cpu 4 164259 1 51264 2724395 7454 0 111
cpu 7 160258 0 50347 2730693 6289 0 539
cpu 6 183126 0 50035 2707630 7564 0 324
cpu 9 161026 0 50950 2726313 7646 0 376
cpu 8 156160 0 56837 2727424 6025 0 335
mem 1 99033092 97156600 1876492 129056 1147664 244 0 1101548 70044 175328 3636 0 0 175280 0 0 0
mem 0 97636988 57382124 40254864 644516 38482580 464 0 38641364 6161068 489304 23060 0 0 462392 4096 0 0
net lo 0 0 2277314 0 0 0 0 0 0 0 0 0 19087 0 2277314 0 0 0 0 0 0 19087 0
net eno1 0 147158 40322442302 0 0 337 0 0 0 0 0 0 30104151 0 1189127198 0 0 0 0 0 0 5935350 0
net vnet31 0 0 212033 0 0 0 0 0 0 0 0 0 1033 0 171857 0 0 0 0 0 0 915 0
net virbr0 0 689 9959697664 0 0 0 0 0 0 0 0 0 39711587 0 38378936554 0 0 0 0 0 0 23504793 0
numa 1 95676779 18781169 10118603 29535 95632524 18825411
numa 0 96486114 10118603 18781169 29710 96484913 10119814
ps - 483154943 159373 332 187 130 9 686
sysv_shm - 0 0
tmpfs /run/lock 0 6
tmpfs /run 2080768 1098
tmpfs /run/user/20029 0 20
tmpfs /run/qemu 0 1
tmpfs /dev/shm 37614268416 105328
vfs - 133545 5384 183536
vm - 2 18383653 431699714 251897 1617408 219585709 264256375 70586009 6397050 158928802 52445 0 0 0 0 0 1811072 0 311878 5997 0 1616633 66 0 3 0 0

1778474799.810602 0 node0.mimesys-workload.ldos-ut-pg0.wisc.cloudlab.us
block sda 445111 207858 36759834 264241 2596800 17627223 863400709 12820873 0 2137572 13346809
block sdb 479 0 7540 438 4 0 0 0 0 556 439
cpu 11 166382 0 50563 2723955 6806 0 5
cpu 10 192796 0 45295 2704029 8876 0 4
cpu 13 161187 0 45626 2734386 6484 0 2
cpu 12 164582 0 44640 2732746 6935 0 1
cpu 15 163632 0 43654 2734250 6464 0 2
cpu 14 157382 0 44904 2740170 6439 0 3
cpu 17 149110 0 43834 2748767 6641 0 1
cpu 16 158434 0 42383 2742526 5871 0 1
cpu 19 129824 0 29804 2783289 6195 0 0
cpu 18 175676 0 30094 2737880 5737 0 2
cpu 1 147975 0 33643 2754080 7921 0 689
cpu 0 144420 45 32405 2734352 9554 0 1148
cpu 3 169679 0 50709 2719182 7216 0 596
cpu 2 163472 0 46374 2728126 9020 0 189
cpu 5 169213 0 51068 2720801 7134 0 453
cpu 4 164335 1 51271 2724415 7454 0 111
cpu 7 160309 0 50348 2730744 6289 0 539
cpu 6 183177 0 50036 2707679 7564 0 324
cpu 9 161031 0 50951 2726411 7646 0 376
cpu 8 156162 0 56839 2727524 6025 0 335
mem 1 99033092 97153856 1879236 129064 1148332 240 0 1101564 70732 175928 3624 0 0 175216 0 0 0
mem 0 97636988 57213752 40423236 644516 38651520 600 0 38809768 6329472 489884 23520 0 0 462432 4096 0 0
net lo 0 0 2278481 0 0 0 0 0 0 0 0 0 19095 0 2278481 0 0 0 0 0 0 19095 0
net eno1 0 147166 40322448399 0 0 337 0 0 0 0 0 0 30104243 0 1189128726 0 0 0 0 0 0 5935357 0
net vnet31 0 0 214971 0 0 0 0 0 0 0 0 0 1047 0 175547 0 0 0 0 0 0 927 0
net virbr0 0 689 9959700406 0 0 0 0 0 0 0 0 0 39711601 0 38378940244 0 0 0 0 0 0 23504805 0
numa 1 95683245 18781169 10118603 29535 95638990 18825411
numa 0 96528466 10118603 18781169 29710 96527265 10119814
ps - 483160675 159424 332 187 130 9 686
sysv_shm - 0 0
tmpfs /run/lock 0 6
tmpfs /run 2080768 1098
tmpfs /run/user/20029 0 20
tmpfs /run/qemu 0 1
tmpfs /dev/shm 37614268416 105328
vfs - 133551 5384 183570
vm - 2 18383653 431700354 251897 1617408 219634463 264262902 70586010 6397050 158981107 52445 0 0 0 0 0 1811072 0 311878 5997 0 1616633 66 0 3 0 0

1778474800.852152 0 node0.mimesys-workload.ldos-ut-pg0.wisc.cloudlab.us
block sda 445111 207858 36759834 264241 2596844 17627223 863400893 12820879 0 2137648 13346817
block sdb 479 0 7540 438 4 0 0 0 0 556 439
cpu 11 166382 0 50563 2724057 6806 0 5
cpu 10 192797 0 45296 2704131 8876 0 4
cpu 13 161188 0 45629 2734487 6484 0 2
cpu 12 164583 0 44643 2732846 6935 0 1
cpu 15 163632 0 43655 2734353 6464 0 2
cpu 14 157382 0 44905 2740272 6439 0 3
cpu 17 149110 0 43834 2748870 6641 0 1
cpu 16 158435 0 42384 2742628 5871 0 1
cpu 19 129825 0 29804 2783391 6195 0 0
cpu 18 175677 0 30095 2737982 5737 0 2
cpu 1 148053 0 33644 2754105 7921 0 689
cpu 0 144492 45 32407 2734381 9554 0 1148
cpu 3 169754 0 50709 2719210 7216 0 596
cpu 2 163550 0 46376 2728153 9020 0 189
cpu 5 169287 0 51070 2720829 7134 0 453
cpu 4 164411 1 51272 2724443 7454 0 111
cpu 7 160405 0 50349 2730751 6289 0 539
cpu 6 183254 0 50039 2707704 7564 0 324
cpu 9 161032 0 50953 2726513 7646 0 376
cpu 8 156162 0 56840 2727627 6025 0 335
mem 1 99033092 97154240 1878852 129068 1146960 244 0 1101564 70044 174616 3640 0 0 175120 0 0 0
mem 0 97636988 57184268 40452720 644520 38680928 620 0 38839388 6359140 489732 23544 0 0 462440 4096 0 0
net lo 0 0 2279038 0 0 0 0 0 0 0 0 0 19099 0 2279038 0 0 0 0 0 0 19099 0
net eno1 0 147166 40322454636 0 0 337 0 0 0 0 0 0 30104338 0 1189129137 0 0 0 0 0 0 5935361 0
net vnet31 0 0 216905 0 0 0 0 0 0 0 0 0 1058 0 176597 0 0 0 0 0 0 937 0
net virbr0 0 689 9959702186 0 0 0 0 0 0 0 0 0 39711612 0 38378941242 0 0 0 0 0 0 23504814 0
numa 1 95688094 18781169 10118603 29535 95643839 18825411
numa 0 96536337 10118603 18781169 29710 96535136 10119814
ps - 483165052 159470 332 187 130 6 686
sysv_shm - 0 0
tmpfs /run/lock 0 6
tmpfs /run 2080768 1098
tmpfs /run/user/20029 0 20
tmpfs /run/qemu 0 1
tmpfs /dev/shm 37614280704 105328
vfs - 133542 5344 183512
vm - 2 18383653 431700446 251897 1617408 219647187 264268714 70586011 6397050 158996475 52445 0 0 0 0 0 1811072 0 311878 5997 0 1616633 66 0 3 0 0

1778474801.891521 0 node0.mimesys-workload.ldos-ut-pg0.wisc.cloudlab.us
block sda 445111 207858 36759834 264241 2596900 17627223 863401125 12820887 0 2137760 13346828
block sdb 479 0 7540 438 4 0 0 0 0 556 439
cpu 11 166382 0 50565 2724158 6806 0 5
cpu 10 192799 0 45298 2704230 8876 0 4
cpu 13 161188 0 45630 2734590 6484 0 2
cpu 12 164584 0 44646 2732946 6935 0 1
cpu 15 163633 0 43656 2734456 6464 0 2
cpu 14 157382 0 44906 2740374 6439 0 3
cpu 17 149113 0 43838 2748968 6641 0 1
cpu 16 158435 0 42384 2742731 5871 0 1
cpu 19 129826 0 29804 2783494 6195 0 0
cpu 18 175679 0 30096 2738083 5737 0 2
cpu 1 148102 0 33644 2754158 7921 0 689
cpu 0 144532 45 32412 2734439 9554 0 1148
cpu 3 169795 0 50712 2719269 7216 0 596
cpu 2 163606 0 46376 2728201 9020 0 189
cpu 5 169328 0 51074 2720888 7134 0 453
cpu 4 164457 1 51273 2724501 7454 0 111
cpu 7 160448 0 50350 2730808 6289 0 539
cpu 6 183298 0 50041 2707763 7564 0 324
cpu 9 161032 0 50954 2726615 7646 0 376
cpu 8 156163 0 56842 2727727 6025 0 335
mem 1 99033092 97150968 1882124 129100 1148312 268 0 1101568 70728 176372 3512 0 0 175072 0 0 0
mem 0 97636988 57121776 40515212 644556 38740648 648 0 38899060 6418800 489836 23844 0 0 462480 4096 0 0
net lo 0 0 2280205 0 0 0 0 0 0 0 0 0 19107 0 2280205 0 0 0 0 0 0 19107 0
net eno1 0 147176 40322461453 0 0 337 0 0 0 0 0 0 30104443 0 1189130761 0 0 0 0 0 0 5935370 0
net vnet31 0 0 220041 0 0 0 0 0 0 0 0 0 1075 0 180287 0 0 0 0 0 0 949 0
net virbr0 0 689 9959705084 0 0 0 0 0 0 0 0 0 39711629 0 38378944932 0 0 0 0 0 0 23504826 0
numa 1 95693213 18781169 10118603 29535 95648958 18825411
numa 0 96553601 10118603 18781169 29710 96552400 10119814
ps - 483172309 159521 332 187 130 8 679
sysv_shm - 0 0
tmpfs /run/lock 0 6
tmpfs /run 2080768 1098
tmpfs /run/user/20029 0 20
tmpfs /run/qemu 0 1
tmpfs /dev/shm 37614292992 105328
vfs - 133547 5384 183496
vm - 2 18383653 431700562 251897 1617408 219669566 264275443 70586028 6397050 159022305 52445 0 0 0 0 0 1811072 0 311878 5997 0 1616633 66 0 3 0 0

1778474802.929483 0 node0.mimesys-workload.ldos-ut-pg0.wisc.cloudlab.us
block sda 445114 207858 36759947 264242 2596905 17627253 863401453 12820888 0 2137784 13346831
block sdb 479 0 7540 438 4 0 0 0 0 556 439
cpu 11 166383 0 50567 2724260 6806 0 5
cpu 10 192800 0 45299 2704332 8876 0 4
cpu 13 161188 0 45631 2734691 6484 0 2
cpu 12 164586 0 44646 2733047 6935 0 1
cpu 15 163634 0 43658 2734557 6464 0 2
cpu 14 157383 0 44908 2740476 6439 0 3
cpu 17 149113 0 43841 2749068 6641 0 1
cpu 16 158436 0 42385 2742833 5871 0 1
cpu 19 129826 0 29805 2783598 6195 0 0
cpu 18 175679 0 30097 2738185 5737 0 2
cpu 1 148131 0 33648 2754228 7921 0 689
cpu 0 144560 45 32415 2734513 9554 0 1148
cpu 3 169819 0 50717 2719341 7216 0 596
cpu 2 163637 0 46381 2728270 9020 0 189
cpu 5 169356 0 51078 2720960 7134 0 453
cpu 4 164487 1 51278 2724570 7454 0 111
cpu 7 160474 0 50354 2730884 6289 0 539
cpu 6 183318 0 50050 2707836 7564 0 324
cpu 9 161034 0 50954 2726718 7646 0 376
cpu 8 156166 0 56844 2727826 6025 0 335
mem 1 99033092 97149960 1883132 129188 1147248 276 0 1101568 70044 174980 3604 0 0 175040 0 0 0
mem 0 97636988 57119256 40517732 644596 38742240 656 0 38900960 6420680 489352 23832 0 0 462464 4096 0 0
net lo 0 0 2280762 0 0 0 0 0 0 0 0 0 19111 0 2280762 0 0 0 0 0 0 19111 0
net eno1 0 147176 40322467942 0 0 337 0 0 0 0 0 0 30104543 0 1189132172 0 0 0 0 0 0 5935376 0
net vnet31 0 0 222008 0 0 0 0 0 0 0 0 0 1086 0 181453 0 0 0 0 0 0 960 0
net virbr0 0 689 9959706897 0 0 0 0 0 0 0 0 0 39711640 0 38378946046 0 0 0 0 0 0 23504836 0
numa 1 95697548 18781169 10118603 29535 95653293 18825411
numa 0 96554677 10118603 18781169 29710 96553476 10119814
ps - 483187707 159567 332 187 130 3 679
sysv_shm - 0 0
tmpfs /run/lock 0 6
tmpfs /run 2080768 1098
tmpfs /run/user/20029 0 20
tmpfs /run/qemu 0 1
tmpfs /dev/shm 37614313472 105329
vfs - 133550 4664 183528
vm - 2 18383709 431700726 251897 1617408 219674977 264281077 70586063 6397050 159030728 52445 0 0 0 0 0 1811072 0 311878 5997 0 1616633 66 0 3 0 0
