$hpcperfstats 2.4
$hostname node0.mimesys-workload.ldos-ut-pg0.wisc.cloudlab.us
$uname Linux x86_64 5.15.0-168-generic #178-Ubuntu SMP Fri Jan 9 19:05:03 UTC 2026
$uptime 42938
!block rd_ios,E rd_merges,E rd_sectors,E,U=512B rd_ticks,E,U=ms wr_ios,E wr_merges,E wr_sectors,E,U=512B wr_ticks,E,U=ms in_flight io_ticks,E,U=ms time_in_queue,E,U=ms
!cpu user,E,U=cs nice,E,U=cs system,E,U=cs idle,E,U=cs iowait,E,U=cs irq,E,U=cs softirq,E,U=cs
!ib excessive_buffer_overrun_errors,E,W=32 link_downed,E,W=32 link_error_recovery,E,W=32 local_link_integrity_errors,E,W=32 port_rcv_constraint_errors,E,W=32 port_rcv_data,E,U=4B,W=32 port_rcv_errors,E,W=32 port_rcv_packets,E,W=32 port_rcv_remote_physical_errors,E,W=32 port_rcv_switch_relay_errors,E,W=32 port_xmit_constraint_errors,E,W=32 port_xmit_data,E,U=4B,W=32 port_xmit_discards,E,W=32 port_xmit_packets,E,W=32 port_xmit_wait,E,U=ms,W=32 symbol_error,E,W=32 VL15_dropped,E,W=32
!ib_ext port_select,C counter_select,C port_xmit_data,E,U=4B port_rcv_data,E,U=4B port_xmit_pkts,E port_rcv_pkts,E port_unicast_xmit_pkts,E port_unicast_rcv_pkts,E port_multicast_xmit_pkts,E port_multicast_rcv_pkts,E
!ib_sw rx_bytes,E,U=4B rx_packets,E tx_bytes,E,U=4B tx_packets,E
!mem MemTotal,U=KB MemFree,U=KB MemUsed,U=KB Active,U=KB Inactive,U=KB Dirty,U=KB Writeback,U=KB FilePages,U=KB Mapped,U=KB AnonPages,U=KB PageTables,U=KB NFS_Unstable,U=KB Bounce,U=KB Slab,U=KB AnonHugePages,U=KB HugePages_Total HugePages_Free
!net collisions,E multicast,E rx_bytes,E,U=B rx_compressed,E rx_crc_errors,E rx_dropped,E rx_errors,E rx_fifo_errors,E rx_frame_errors,E rx_length_errors,E rx_missed_errors,E rx_over_errors,E rx_packets,E tx_aborted_errors,E tx_bytes,E,U=B tx_carrier_errors,E tx_compressed,E tx_dropped,E tx_errors,E tx_fifo_errors,E tx_heartbeat_errors,E tx_packets,E tx_window_errors,E
!numa numa_hit,E numa_miss,E numa_foreign,E interleave_hit,E local_node,E other_node,E
!ps ctxt,E processes,E load_1 load_5 load_15 nr_running nr_threads
!sysv_shm mem_used,U=B segs_used
!tmpfs bytes_used,U=B files_used
!vfs dentry_use file_use inode_use
!vm nr_anon_transparent_hugepages pgpgin,E,U=KB pgpgout,E,U=KB pswpin,E pswpout,E pgalloc_normal,E pgfree,E pgactivate,E pgdeactivate,E pgfault,E pgmajfault,E pgrefill_normal,E pgsteal_normal,E pgscan_kswapd_normal,E pgscan_direct_normal,E pginodesteal,E slabs_scanned,E kswapd_steal,E kswapd_inodesteal,E pageoutrun,E allocstall,E pgrotated,E thp_fault_alloc,E thp_fault_fallback,E thp_collapse_alloc,E thp_collapse_alloc_failed,E thp_split,E

1778488157.358698 0 node0.mimesys-workload.ldos-ut-pg0.wisc.cloudlab.us
%begin -
block sda 4962464 675258 1906383855 26042306 3390158 20200383 1063921300 20081105 0 6166764 46446891
block sdb 584 0 7540 561 4 0 0 0 0 700 562
cpu 11 488795 0 121347 3567425 99312 0 13
cpu 10 524676 2 109058 3547658 98896 0 9
cpu 13 444556 0 89670 3644108 98451 0 11
cpu 12 447064 0 87294 3644512 98937 0 9
cpu 15 421034 2 82913 3675055 97488 0 7
cpu 14 439953 0 86882 3653490 97063 0 10
cpu 17 252156 0 76662 3937775 13667 0 5
cpu 16 279292 0 75914 3914109 12047 0 8
cpu 19 232533 0 63845 3970096 14453 0 6
cpu 18 280234 5 63282 3924481 13163 0 7
cpu 1 471203 0 134498 3603944 61518 0 1583
cpu 0 485291 45 102169 3592668 63831 0 1203
cpu 3 494551 0 147178 3574044 60475 0 612
cpu 2 484749 0 147386 3580808 62914 0 205
cpu 5 457081 0 125126 3635149 60219 0 471
cpu 4 453709 1 127818 3634007 61007 0 129
cpu 7 401179 0 123200 3693103 59585 0 560
cpu 6 438781 0 125755 3652893 60330 0 343
cpu 9 468682 0 119118 3605779 81955 0 392
cpu 8 459482 0 126332 3607052 81957 0 356
mem 1 99033092 96053236 2979856 54988 2254192 572 0 2061848 212848 247500 6304 0 0 176328 2048 0 0
mem 0 97636988 59678284 37958704 1002236 35862184 1060 0 36276300 2662084 591676 14424 0 0 463240 10240 0 0
net vnet81 0 0 32578 0 0 0 0 0 0 0 0 0 183 0 36973 0 0 0 0 0 0 193 0
net vnet80 0 0 33316 0 0 0 0 0 0 0 0 0 193 0 40167 0 0 0 0 0 0 241 0
net eno1 0 218099 40517456401 0 0 555 0 0 0 0 0 0 31468534 0 1330376171 0 0 0 0 0 0 6093541 0
net vnet79 0 0 33320 0 0 0 0 0 0 0 0 0 193 0 43203 0 0 0 0 0 0 287 0
net lo 0 0 13051539 0 0 0 0 0 0 0 0 0 97577 0 13051539 0 0 0 0 0 0 97577 0
net virbr0 0 1291 9982875789 0 0 0 0 0 0 0 0 0 39846305 0 38506390599 0 0 0 0 0 0 23617082 0
numa 1 249983029 18781169 10118603 29535 249935015 18825898
numa 0 252325110 10118603 18781169 29710 252310630 10120481
ps - 624772495 2148774 341 457 526 1 860
sysv_shm - 0 0
tmpfs /run/lock 0 6
tmpfs /run 2187264 1120
tmpfs /run/user/20029 0 20
tmpfs /run/qemu 0 1
tmpfs /dev/shm 37620387840 105482
vfs - 134381 4064 185200
vm - 6 953195653 531960650 737986 1617408 529925303 574902093 141748656 7563037 580035807 63539 0 0 0 0 0 1811072 0 311878 5997 0 1620343 166 0 3 0 0

1778488157.414324 0 node0.mimesys-workload.ldos-ut-pg0.wisc.cloudlab.us
block sda 4962465 675258 1906383983 26042306 3390158 20200383 1063921300 20081105 0 6166768 46446891
block sdb 584 0 7540 561 4 0 0 0 0 700 562
cpu 11 488796 0 121347 3567430 99312 0 13
cpu 10 524678 2 109060 3547660 98896 0 9
cpu 13 444556 0 89670 3644113 98451 0 11
cpu 12 447067 0 87295 3644514 98937 0 9
cpu 15 421034 2 82913 3675060 97488 0 7
cpu 14 439953 0 86882 3653495 97064 0 10
cpu 17 252156 0 76662 3937780 13667 0 5
cpu 16 279292 0 75914 3914114 12047 0 8
cpu 19 232533 0 63845 3970101 14453 0 6
cpu 18 280234 5 63282 3924486 13163 0 7
cpu 1 471203 0 134498 3603949 61518 0 1583
cpu 0 485291 45 102170 3592673 63831 0 1203
cpu 3 494553 0 147180 3574047 60475 0 612
cpu 2 484750 0 147387 3580813 62914 0 205
cpu 5 457082 0 125126 3635153 60219 0 471
cpu 4 453710 1 127819 3634012 61007 0 129
cpu 7 401180 0 123200 3693107 59585 0 560
cpu 6 438782 0 125755 3652897 60330 0 343
cpu 9 468682 0 119118 3605783 81955 0 392
cpu 8 459482 0 126332 3607056 81957 0 356
mem 1 99033092 96052480 2980612 54992 2256112 572 0 2061852 213736 249436 6348 0 0 176328 2048 0 0
mem 0 97636988 59678284 37958704 1002236 35862580 1060 0 36276332 2662168 592052 14388 0 0 463240 10240 0 0
net vnet81 0 0 32578 0 0 0 0 0 0 0 0 0 183 0 36973 0 0 0 0 0 0 193 0
net vnet80 0 0 33316 0 0 0 0 0 0 0 0 0 193 0 40167 0 0 0 0 0 0 241 0
net eno1 0 218099 40517457043 0 0 555 0 0 0 0 0 0 31468540 0 1330376474 0 0 0 0 0 0 6093544 0
net vnet79 0 0 33320 0 0 0 0 0 0 0 0 0 193 0 43203 0 0 0 0 0 0 287 0
net lo 0 0 13053369 0 0 0 0 0 0 0 0 0 97589 0 13053369 0 0 0 0 0 0 97589 0
net virbr0 0 1291 9982875789 0 0 0 0 0 0 0 0 0 39846305 0 38506390599 0 0 0 0 0 0 23617082 0
numa 1 249984252 18781169 10118603 29535 249936238 18825898
numa 0 252326214 10118603 18781169 29710 252311734 10120481
ps - 624772789 2148788 341 457 526 3 868
sysv_shm - 0 0
tmpfs /run/lock 0 6
tmpfs /run 2187264 1120
tmpfs /run/user/20029 0 20
tmpfs /run/qemu 0 1
tmpfs /dev/shm 37620387840 105482
vfs - 134395 4144 185233
vm - 6 953195717 531960650 737986 1617408 529927655 574903322 141748657 7563037 580039376 63540 0 0 0 0 0 1811072 0 311878 5997 0 1620343 166 0 3 0 0

1778488157.775478 0 node0.mimesys-workload.ldos-ut-pg0.wisc.cloudlab.us
block sda 4962466 675258 1906384071 26042307 3390158 20200383 1063921300 20081105 0 6166776 46446892
block sdb 584 0 7540 561 4 0 0 0 0 700 562
cpu 11 488797 0 121349 3567463 99312 0 13
cpu 10 524679 2 109062 3547692 98896 0 9
cpu 13 444558 0 89671 3644146 98451 0 11
cpu 12 447068 0 87298 3644546 98937 0 9
cpu 15 421035 2 82914 3675093 97488 0 7
cpu 14 439955 0 86884 3653527 97064 0 10
cpu 17 252158 0 76664 3937812 13667 0 5
cpu 16 279294 0 75916 3914146 12047 0 8
cpu 19 232540 0 63847 3970128 14453 0 6
cpu 18 280235 5 63286 3924518 13163 0 7
cpu 1 471221 0 134501 3603966 61518 0 1583
cpu 0 485312 45 102173 3592686 63831 0 1203
cpu 3 494556 0 147183 3574077 60475 0 612
cpu 2 484752 0 147389 3580845 62914 0 205
cpu 5 457084 0 125128 3635186 60219 0 471
cpu 4 453710 1 127822 3634044 61007 0 129
cpu 7 401182 0 123202 3693140 59585 0 560
cpu 6 438784 0 125758 3652929 60330 0 343
cpu 9 468683 0 119120 3605815 81955 0 392
cpu 8 459484 0 126335 3607088 81957 0 356
mem 1 99033092 96051228 2981864 54868 2259324 644 0 2061720 213996 252596 6388 0 0 176464 2048 0 0
mem 0 97636988 59674928 37962060 1002228 35863876 1128 0 36276260 2662268 593852 14536 0 0 463360 10240 0 0
net vnet81 0 0 32578 0 0 0 0 0 0 0 0 0 183 0 36973 0 0 0 0 0 0 193 0
net vnet80 0 0 33316 0 0 0 0 0 0 0 0 0 193 0 40167 0 0 0 0 0 0 241 0
net eno1 0 218099 40517459872 0 0 555 0 0 0 0 0 0 31468579 0 1330377743 0 0 0 0 0 0 6093549 0
net vnet79 0 0 36336 0 0 0 0 0 0 0 0 0 208 0 47047 0 0 0 0 0 0 300 0
net lo 0 0 13053926 0 0 0 0 0 0 0 0 0 97593 0 13053926 0 0 0 0 0 0 97593 0
net virbr0 0 1291 9982878595 0 0 0 0 0 0 0 0 0 39846320 0 38506394443 0 0 0 0 0 0 23617095 0
numa 1 249995935 18781169 10118603 29535 249947921 18825898
numa 0 252336829 10118603 18781169 29710 252322349 10120481
ps - 624775403 2148991 341 457 526 2 865
sysv_shm - 0 0
tmpfs /run/lock 0 6
tmpfs /run 2187264 1120
tmpfs /run/user/20029 0 20
tmpfs /run/qemu 0 1
tmpfs /dev/shm 37620387840 105482
vfs - 134394 4104 185267
vm - 6 953195761 531960650 737986 1617408 529949929 574925841 141748672 7563037 580075043 63540 0 0 0 0 0 1811072 0 311878 5997 0 1620343 166 0 3 0 0

1778488158.456883 0 node0.mimesys-workload.ldos-ut-pg0.wisc.cloudlab.us
block sda 4962840 675258 1906443903 26042558 3390159 20200383 1063921364 20081105 0 6167168 46447143
block sdb 584 0 7540 561 4 0 0 0 0 700 562
cpu 11 488797 0 121349 3567531 99312 0 13
cpu 10 524685 2 109063 3547754 98896 0 9
cpu 13 444558 0 89671 3644213 98451 0 11
cpu 12 447069 0 87298 3644613 98937 0 9
cpu 15 421036 2 82916 3675158 97488 0 7
cpu 14 439957 0 86888 3653590 97064 0 10
cpu 17 252158 0 76664 3937880 13667 0 5
cpu 16 279294 0 75917 3914213 12047 0 8
cpu 19 232541 0 63848 3970194 14453 0 6
cpu 18 280235 5 63286 3924585 13163 0 7
cpu 1 471246 0 134506 3603993 61530 0 1583
cpu 0 485341 45 102177 3592714 63838 0 1203
cpu 3 494572 0 147184 3574125 60475 0 612
cpu 2 484779 0 147390 3580889 62914 0 205
cpu 5 457084 0 125128 3635254 60219 0 471
cpu 4 453710 1 127822 3634111 61007 0 129
cpu 7 401182 0 123202 3693208 59585 0 560
cpu 6 438785 0 125758 3652995 60330 0 343
cpu 9 468683 0 119120 3605883 81955 0 392
cpu 8 459484 0 126335 3607157 81957 0 356
mem 1 99033092 96047704 2985388 54852 2257068 668 0 2061724 213148 250376 6364 0 0 176608 2048 0 0
mem 0 97636988 59682620 37954368 1002232 35867012 1156 0 36280720 2666608 591600 14344 0 0 463440 10240 0 0
net vnet81 0 0 32578 0 0 0 0 0 0 0 0 0 183 0 36973 0 0 0 0 0 0 193 0
net vnet80 0 0 36452 0 0 0 0 0 0 0 0 0 210 0 43857 0 0 0 0 0 0 253 0
net eno1 0 218099 40517465012 0 0 555 0 0 0 0 0 0 31468657 0 1330378011 0 0 0 0 0 0 6093552 0
net vnet79 0 0 38160 0 0 0 0 0 0 0 0 0 218 0 48349 0 0 0 0 0 0 309 0
net lo 0 0 13055146 0 0 0 0 0 0 0 0 0 97601 0 13055146 0 0 0 0 0 0 97601 0
net virbr0 0 1291 9982883177 0 0 0 0 0 0 0 0 0 39846347 0 38506399435 0 0 0 0 0 0 23617116 0
numa 1 249999029 18781169 10118603 29535 249951015 18825898
numa 0 252340430 10118603 18781169 29710 252325950 10120481
ps - 624781696 2149014 341 457 526 4 865
sysv_shm - 0 0
tmpfs /run/lock 0 6
tmpfs /run 2187264 1120
tmpfs /run/user/20029 0 20
tmpfs /run/qemu 0 1
tmpfs /dev/shm 37620387840 105482
vfs - 134390 4064 185236
vm - 6 953225677 531960682 737986 1617408 529956625 574931240 141748713 7563037 580082342 63540 0 0 0 0 0 1811072 0 311878 5997 0 1620343 166 0 3 0 0

1778488158.803937 0 node0.mimesys-workload.ldos-ut-pg0.wisc.cloudlab.us
block sda 4962922 675258 1906460135 26042625 3390159 20200383 1063921364 20081105 0 6167244 46447210
block sdb 584 0 7540 561 4 0 0 0 0 700 562
cpu 11 488798 0 121352 3567562 99312 0 13
cpu 10 524686 2 109066 3547785 98896 0 9
cpu 13 444560 0 89674 3644243 98451 0 11
cpu 12 447072 0 87301 3644642 98937 0 9
cpu 15 421040 2 82919 3675187 97488 0 7
cpu 14 439958 0 86890 3653621 97064 0 10
cpu 17 252159 0 76667 3937910 13667 0 5
cpu 16 279295 0 75919 3914244 12047 0 8
cpu 19 232543 0 63850 3970225 14453 0 6
cpu 18 280236 5 63291 3924615 13163 0 7
cpu 1 471252 0 134508 3604021 61530 0 1583
cpu 0 485346 45 102180 3592741 63838 0 1203
cpu 3 494590 0 147188 3574137 60477 0 612
cpu 2 484793 0 147393 3580905 62916 0 205
cpu 5 457084 0 125130 3635285 60219 0 471
cpu 4 453711 1 127825 3634142 61007 0 129
cpu 7 401183 0 123204 3693239 59585 0 560
cpu 6 438786 0 125760 3653026 60330 0 343
cpu 9 468684 0 119122 3605915 81955 0 392
cpu 8 459485 0 126337 3607188 81957 0 356
mem 1 99033092 96045688 2987404 54876 2257692 676 0 2061724 214484 251084 6408 0 0 176640 2048 0 0
mem 0 97636988 59677836 37959152 1002372 35869008 1164 0 36281324 2667332 594028 14720 0 0 463408 10240 0 0
net vnet81 0 0 32718 0 0 0 0 0 0 0 0 0 185 0 37273 0 0 0 0 0 0 197 0
net vnet80 0 0 38276 0 0 0 0 0 0 0 0 0 220 0 45211 0 0 0 0 0 0 263 0
net eno1 0 218099 40517467503 0 0 555 0 0 0 0 0 0 31468689 0 1330378457 0 0 0 0 0 0 6093556 0
net vnet79 0 0 38160 0 0 0 0 0 0 0 0 0 218 0 48401 0 0 0 0 0 0 310 0
net lo 0 0 13056313 0 0 0 0 0 0 0 0 0 97609 0 13056313 0 0 0 0 0 0 97609 0
net virbr0 0 1291 9982884973 0 0 0 0 0 0 0 0 0 39846359 0 38506400985 0 0 0 0 0 0 23617128 0
numa 1 250011387 18781169 10118603 29535 249963373 18825898
numa 0 252351334 10118603 18781169 29710 252336854 10120481
ps - 624785310 2149219 341 457 526 3 865
sysv_shm - 0 0
tmpfs /run/lock 0 6
tmpfs /run 2187264 1120
tmpfs /run/user/20029 0 20
tmpfs /run/qemu 0 1
tmpfs /dev/shm 37620387840 105482
vfs - 134390 4104 185237
vm - 6 953234165 531960682 737986 1617408 529979891 574954488 141748717 7563037 580119013 63540 0 0 0 0 0 1811072 0 311878 5997 0 1620343 166 0 3 0 0

1778488159.496553 0 node0.mimesys-workload.ldos-ut-pg0.wisc.cloudlab.us
block sda 4963209 675259 1906503911 26042810 3390198 20200424 1063922308 20081121 0 6167568 46447412
block sdb 584 0 7540 561 4 0 0 0 0 700 562
cpu 11 488810 0 121352 3567617 99312 0 13
cpu 10 524696 2 109066 3547845 98896 0 9
cpu 13 444560 0 89674 3644312 98451 0 11
cpu 12 447072 0 87301 3644711 98937 0 9
cpu 15 421040 2 82921 3675253 97488 0 7
cpu 14 439958 0 86892 3653689 97064 0 10
cpu 17 252160 0 76668 3937978 13667 0 5
cpu 16 279296 0 75920 3914312 12047 0 8
cpu 19 232543 0 63851 3970293 14453 0 6
cpu 18 280238 5 63291 3924682 13163 0 7
cpu 1 471253 0 134508 3604088 61530 0 1583
cpu 0 485350 45 102185 3592804 63838 0 1203
cpu 3 494608 0 147189 3574180 60483 0 612
cpu 2 484811 0 147394 3580946 62922 0 205
cpu 5 457098 0 125132 3635340 60219 0 471
cpu 4 453726 1 127826 3634193 61007 0 129
cpu 7 401201 0 123204 3693290 59585 0 560
cpu 6 438794 0 125762 3653084 60330 0 343
cpu 9 468688 0 119123 3605978 81955 0 392
cpu 8 459496 0 126337 3607245 81957 0 356
mem 1 99033092 96044176 2988916 54932 2257920 684 0 2061732 214168 252264 7180 0 0 176448 2048 0 0
mem 0 97636988 59672544 37964444 1002440 35872328 1184 0 36287164 2673380 591428 13824 0 0 463472 10240 0 0
net vnet81 0 0 37340 0 0 0 0 0 0 0 0 0 207 0 42017 0 0 0 0 0 0 215 0
net vnet80 0 0 38276 0 0 0 0 0 0 0 0 0 220 0 45211 0 0 0 0 0 0 263 0
net eno1 0 218110 40517471183 0 0 555 0 0 0 0 0 0 31468747 0 1330379943 0 0 0 0 0 0 6093562 0
net vnet79 0 0 38160 0 0 0 0 0 0 0 0 0 218 0 48401 0 0 0 0 0 0 310 0
net lo 0 0 13057533 0 0 0 0 0 0 0 0 0 97617 0 13057533 0 0 0 0 0 0 97617 0
net virbr0 0 1291 9982889287 0 0 0 0 0 0 0 0 0 39846381 0 38506405729 0 0 0 0 0 0 23617146 0
numa 1 250013468 18781169 10118603 29535 249965454 18825898
numa 0 252355171 10118603 18781169 29710 252340691 10120481
ps - 624792342 2149241 354 458 526 3 869
sysv_shm - 0 0
tmpfs /run/lock 0 6
tmpfs /run 2187264 1120
tmpfs /run/user/20029 0 20
tmpfs /run/qemu 0 1
tmpfs /dev/shm 37620387840 105482
vfs - 134427 4144 185487
vm - 6 953255681 531961154 737986 1617408 529985825 574958506 141748750 7563037 580125366 63540 0 0 0 0 0 1811072 0 311878 5997 0 1620343 166 0 3 0 0

1778488159.831814 0 node0.mimesys-workload.ldos-ut-pg0.wisc.cloudlab.us
block sda 4963315 675259 1906509108 26042855 3390200 20200424 1063922324 20081123 0 6167708 46447459
block sdb 584 0 7540 561 4 0 0 0 0 700 562
cpu 11 488812 0 121355 3567645 99312 0 13
cpu 10 524698 2 109068 3547873 98897 0 9
cpu 13 444566 0 89677 3644336 98451 0 11
cpu 12 447073 0 87303 3644741 98937 0 9
cpu 15 421041 2 82923 3675283 97488 0 7
cpu 14 439960 0 86893 3653719 97064 0 10
cpu 17 252160 0 76672 3938007 13667 0 5
cpu 16 279297 0 75923 3914342 12047 0 8
cpu 19 232544 0 63854 3970324 14453 0 6
cpu 18 280238 5 63294 3924711 13163 0 7
cpu 1 471273 0 134510 3604102 61530 0 1583
cpu 0 485363 45 102186 3592823 63838 0 1203
cpu 3 494610 0 147191 3574209 60483 0 612
cpu 2 484812 0 147397 3580976 62922 0 205
cpu 5 457102 0 125133 3635366 60220 0 471
cpu 4 453746 1 127828 3634205 61007 0 129
cpu 7 401204 0 123206 3693318 59586 0 560
cpu 6 438798 0 125763 3653111 60331 0 343
cpu 9 468696 0 119126 3606000 81955 0 392
cpu 8 459499 0 126339 3607273 81957 0 356
mem 1 99033092 96043420 2989672 54916 2260572 708 0 2061732 214900 253912 6556 0 0 176408 2048 0 0
mem 0 97636988 59674776 37962212 1002464 35874856 1212 0 36287632 2673624 592804 14440 0 0 463472 10240 0 0
net vnet81 0 0 37340 0 0 0 0 0 0 0 0 0 207 0 42017 0 0 0 0 0 0 215 0
net vnet80 0 0 38276 0 0 0 0 0 0 0 0 0 220 0 45211 0 0 0 0 0 0 263 0
net eno1 0 218110 40517473760 0 0 555 0 0 0 0 0 0 31468782 0 1330380288 0 0 0 0 0 0 6093565 0
net vnet79 0 0 41296 0 0 0 0 0 0 0 0 0 235 0 52091 0 0 0 0 0 0 322 0
net lo 0 0 13058090 0 0 0 0 0 0 0 0 0 97621 0 13058090 0 0 0 0 0 0 97621 0
net virbr0 0 1291 9982892185 0 0 0 0 0 0 0 0 0 39846398 0 38506409419 0 0 0 0 0 0 23617158 0
numa 1 250025042 18781169 10118603 29535 249977028 18825898
numa 0 252366087 10118603 18781169 29710 252351607 10120481
ps - 624796897 2149441 354 458 526 2 865
sysv_shm - 0 0
tmpfs /run/lock 0 6
tmpfs /run 2187264 1120
tmpfs /run/user/20029 0 20
tmpfs /run/qemu 0 1
tmpfs /dev/shm 37620387840 105482
vfs - 134392 4144 185244
vm - 6 953258279 531961162 737986 1617408 530008295 574981263 141748761 7563037 580160601 63540 0 0 0 0 0 1811072 0 311878 5997 0 1620343 166 0 3 0 0

1778488160.537212 0 node0.mimesys-workload.ldos-ut-pg0.wisc.cloudlab.us
block sda 4963335 675259 1906510064 26042862 3390204 20200424 1063922356 20081125 0 6167760 46447468
block sdb 584 0 7540 561 4 0 0 0 0 700 562
cpu 11 488812 0 121355 3567714 99312 0 13
cpu 10 524700 2 109070 3547937 98897 0 9
cpu 13 444566 0 89677 3644405 98451 0 11
cpu 12 447076 0 87305 3644807 98937 0 9
cpu 15 421042 2 82926 3675350 97488 0 7
cpu 14 439961 0 86893 3653789 97064 0 10
cpu 17 252161 0 76672 3938076 13667 0 5
cpu 16 279298 0 75923 3914411 12047 0 8
cpu 19 232546 0 63854 3970391 14453 0 6
cpu 18 280242 5 63296 3924776 13163 0 7
cpu 1 471294 0 134512 3604154 61530 0 1583
cpu 0 485380 45 102188 3592880 63838 0 1203
cpu 3 494632 0 147191 3574258 60483 0 612
cpu 2 484832 0 147398 3581025 62922 0 205
cpu 5 457108 0 125138 3635426 60220 0 471
cpu 4 453781 1 127835 3634232 61007 0 129
cpu 7 401211 0 123209 3693377 59586 0 560
cpu 6 438808 0 125771 3653165 60331 0 343
cpu 9 468702 0 119131 3606057 81955 0 392
cpu 8 459503 0 126342 3607337 81957 0 356
mem 1 99033092 96053688 2979404 55224 2256656 720 0 2061732 213276 250852 6344 0 0 176616 2048 0 0
mem 0 97636988 59673332 37963656 1002760 35873988 1236 0 36288344 2674460 592168 15080 0 0 463624 10240 0 0
net vnet81 0 0 37340 0 0 0 0 0 0 0 0 0 207 0 42069 0 0 0 0 0 0 216 0
net vnet80 0 0 41412 0 0 0 0 0 0 0 0 0 237 0 48953 0 0 0 0 0 0 276 0
net eno1 0 218110 40517477788 0 0 555 0 0 0 0 0 0 31468845 0 1330380490 0 0 0 0 0 0 6093567 0
net vnet79 0 0 43120 0 0 0 0 0 0 0 0 0 245 0 53141 0 0 0 0 0 0 332 0
net lo 0 0 13059310 0 0 0 0 0 0 0 0 0 97629 0 13059310 0 0 0 0 0 0 97629 0
net virbr0 0 1291 9982896767 0 0 0 0 0 0 0 0 0 39846425 0 38506414107 0 0 0 0 0 0 23617179 0
numa 1 250028799 18781169 10118603 29535 249980785 18825898
numa 0 252366860 10118603 18781169 29710 252352380 10120481
ps - 624804541 2149464 354 458 526 4 865
sysv_shm - 0 0
tmpfs /run/lock 0 6
tmpfs /run 2187264 1120
tmpfs /run/user/20029 0 20
tmpfs /run/qemu 0 1
tmpfs /dev/shm 37620387840 105482
vfs - 134391 7064 185279
vm - 6 953258757 531961178 737986 1617408 530012825 574985356 141748911 7563037 580167363 63540 0 0 0 0 0 1811072 0 311878 5997 0 1620343 166 0 3 0 0

1778488160.859757 0 node0.mimesys-workload.ldos-ut-pg0.wisc.cloudlab.us
block sda 4963341 675259 1906510352 26042864 3390204 20200424 1063922356 20081125 0 6167768 46447470
block sdb 584 0 7540 561 4 0 0 0 0 700 562
cpu 11 488814 0 121358 3567741 99312 0 13
cpu 10 524702 2 109074 3547965 98897 0 9
cpu 13 444568 0 89680 3644433 98451 0 11
cpu 12 447078 0 87307 3644836 98937 0 9
cpu 15 421044 2 82929 3675377 97488 0 7
cpu 14 439964 0 86896 3653814 97064 0 10
cpu 17 252162 0 76674 3938105 13667 0 5
cpu 16 279300 0 75924 3914439 12047 0 8
cpu 19 232548 0 63857 3970418 14453 0 6
cpu 18 280244 5 63298 3924804 13163 0 7
cpu 1 471298 0 134515 3604182 61530 0 1583
cpu 0 485384 45 102193 3592904 63838 0 1203
cpu 3 494642 0 147194 3574277 60483 0 612
cpu 2 484847 0 147401 3581039 62923 0 205
cpu 5 457112 0 125142 3635449 60220 0 471
cpu 4 453783 1 127838 3634258 61007 0 129
cpu 7 401219 0 123211 3693400 59586 0 560
cpu 6 438811 0 125774 3653192 60331 0 343
cpu 9 468704 0 119134 3606084 81955 0 392
cpu 8 459505 0 126344 3607364 81957 0 356
mem 1 99033092 96050668 2982424 55228 2259024 732 0 2061736 214456 252780 6416 0 0 176584 2048 0 0
mem 0 97636988 59668564 37968424 1002752 35875344 1248 0 36288464 2674456 593224 15040 0 0 463664 10240 0 0
net vnet81 0 0 39368 0 0 0 0 0 0 0 0 0 214 0 44099 0 0 0 0 0 0 222 0
net vnet80 0 0 43236 0 0 0 0 0 0 0 0 0 247 0 49951 0 0 0 0 0 0 285 0
net eno1 0 218110 40517480897 0 0 555 0 0 0 0 0 0 31468888 0 1330382208 0 0 0 0 0 0 6093575 0
net vnet79 0 0 43120 0 0 0 0 0 0 0 0 0 245 0 53141 0 0 0 0 0 0 332 0
net lo 0 0 13060477 0 0 0 0 0 0 0 0 0 97637 0 13060477 0 0 0 0 0 0 97637 0
net virbr0 0 1291 9982900381 0 0 0 0 0 0 0 0 0 39846442 0 38506417135 0 0 0 0 0 0 23617194 0
numa 1 250040876 18781169 10118603 29535 249992862 18825898
numa 0 252377740 10118603 18781169 29710 252363260 10120481
ps - 624808089 2149669 354 458 526 2 865
sysv_shm - 0 0
tmpfs /run/lock 0 6
tmpfs /run 2187264 1120
tmpfs /run/user/20029 0 20
tmpfs /run/qemu 0 1
tmpfs /dev/shm 37620387840 105482
vfs - 134394 7024 185303
vm - 6 953258901 531961178 737986 1617408 530035781 575008360 141748926 7563037 580203988 63540 0 0 0 0 0 1811072 0 311878 5997 0 1620343 166 0 3 0 0

1778488161.885234 0 node0.mimesys-workload.ldos-ut-pg0.wisc.cloudlab.us
block sda 4963355 675259 1906510912 26042868 3390204 20200424 1063922356 20081125 0 6167792 46447474
block sdb 584 0 7540 561 4 0 0 0 0 700 562
cpu 11 488819 0 121362 3567832 99312 0 13
cpu 10 524710 2 109076 3548056 98897 0 9
cpu 13 444570 0 89682 3644531 98451 0 11
cpu 12 447080 0 87311 3644932 98937 0 9
cpu 15 421046 2 82932 3675475 97488 0 7
cpu 14 439968 0 86901 3653909 97064 0 10
cpu 17 252163 0 76677 3938203 13667 0 5
cpu 16 279300 0 75927 3914538 12047 0 8
cpu 19 232549 0 63861 3970515 14453 0 6
cpu 18 280246 5 63300 3924903 13163 0 7
cpu 1 471324 0 134519 3604262 61530 0 1583
cpu 0 485409 45 102196 3592985 63838 0 1203
cpu 3 494646 0 147196 3574373 60483 0 612
cpu 2 484849 0 147405 3581136 62923 0 205
cpu 5 457123 0 125145 3635536 60220 0 471
cpu 4 453798 1 127840 3634342 61007 0 129
cpu 7 401232 0 123213 3693485 59586 0 560
cpu 6 438821 0 125776 3653280 60331 0 343
cpu 9 468727 0 119137 3606160 81955 0 392
cpu 8 459514 0 126346 3607453 81957 0 356
mem 1 99033092 96060680 2972412 55216 2257324 780 0 2061844 213772 250872 6264 0 0 176500 2048 0 0
mem 0 97636988 59664036 37972952 1002812 35877160 1324 0 36288544 2674508 594984 15172 0 0 463876 10240 0 0
net vnet81 0 0 42102 0 0 0 0 0 0 0 0 0 231 0 46757 0 0 0 0 0 0 237 0
net vnet80 0 0 43236 0 0 0 0 0 0 0 0 0 247 0 50021 0 0 0 0 0 0 286 0
net eno1 0 218123 40517487176 0 0 555 0 0 0 0 0 0 31468980 0 1330382922 0 0 0 0 0 0 6093582 0
net vnet79 0 0 46256 0 0 0 0 0 0 0 0 0 262 0 56831 0 0 0 0 0 0 344 0
net lo 0 0 13062864 0 0 0 0 0 0 0 0 0 97653 0 13062864 0 0 0 0 0 0 97653 0
net virbr0 0 1291 9982905775 0 0 0 0 0 0 0 0 0 39846476 0 38506423483 0 0 0 0 0 0 23617221 0
numa 1 250055976 18781169 10118603 29535 250007962 18825898
numa 0 252388853 10118603 18781169 29710 252374373 10120481
ps - 624814329 2149894 354 458 526 3 863
sysv_shm - 0 0
tmpfs /run/lock 0 6
tmpfs /run 2187264 1120
tmpfs /run/user/20029 0 20
tmpfs /run/qemu 0 1
tmpfs /dev/shm 37620387840 105482
vfs - 134390 6984 185266
vm - 6 953259181 531961178 737986 1617408 530062015 575034227 141748944 7563037 580245491 63543 0 0 0 0 0 1811072 0 311878 5997 0 1620343 166 0 3 0 0

1778488162.917650 0 node0.mimesys-workload.ldos-ut-pg0.wisc.cloudlab.us
block sda 4963357 675259 1906511000 26042869 3390204 20200424 1063922356 20081125 0 6167800 46447475
block sdb 584 0 7540 561 4 0 0 0 0 700 562
cpu 11 488824 0 121367 3567924 99312 0 13
cpu 10 524713 2 109080 3548152 98897 0 9
cpu 13 444570 0 89686 3644629 98451 0 11
cpu 12 447085 0 87316 3645024 98937 0 9
cpu 15 421048 2 82935 3675573 97488 0 7
cpu 14 439970 0 86908 3654002 97064 0 10
cpu 17 252164 0 76679 3938302 13667 0 5
cpu 16 279304 0 75930 3914635 12047 0 8
cpu 19 232554 0 63863 3970614 14453 0 6
cpu 18 280246 5 63304 3925000 13163 0 7
cpu 1 471353 0 134526 3604342 61530 0 1583
cpu 0 485432 45 102204 3593070 63838 0 1203
cpu 3 494677 0 147200 3574440 60483 0 612
cpu 2 484883 0 147408 3581199 62923 0 205
cpu 5 457126 0 125148 3635634 60220 0 471
cpu 4 453800 1 127842 3634441 61007 0 129
cpu 7 401235 0 123216 3693582 59586 0 560
cpu 6 438822 0 125779 3653380 60331 0 343
cpu 9 468728 0 119140 3606258 81955 0 392
cpu 8 459517 0 126348 3607552 81957 0 356
mem 1 99033092 96054892 2978200 55284 2258912 804 0 2061852 214892 252100 6644 0 0 176448 2048 0 0
mem 0 97636988 59655972 37981016 1002788 35876560 1356 0 36288628 2674524 594268 14728 0 0 463720 10240 0 0
net vnet81 0 0 43628 0 0 0 0 0 0 0 0 0 237 0 48839 0 0 0 0 0 0 244 0
net vnet80 0 0 49964 0 0 0 0 0 0 0 0 0 278 0 54989 0 0 0 0 0 0 310 0
net eno1 0 218123 40517494333 0 0 555 0 0 0 0 0 0 31469088 0 1330385003 0 0 0 0 0 0 6093594 0
net vnet79 0 0 49848 0 0 0 0 0 0 0 0 0 276 0 58109 0 0 0 0 0 0 356 0
net lo 0 0 13064641 0 0 0 0 0 0 0 0 0 97665 0 13064641 0 0 0 0 0 0 97665 0
net virbr0 0 1291 9982916907 0 0 0 0 0 0 0 0 0 39846527 0 38506431655 0 0 0 0 0 0 23617261 0
numa 1 250073508 18781169 10118603 29535 250025494 18825898
numa 0 252399431 10118603 18781169 29710 252384951 10120481
ps - 624819410 2150128 354 458 526 4 863
sysv_shm - 0 0
tmpfs /run/lock 0 6
tmpfs /run 2187264 1120
tmpfs /run/user/20029 0 20
tmpfs /run/qemu 0 1
tmpfs /dev/shm 37620387840 105482
vfs - 134389 7024 185261
vm - 6 953259225 531961178 737986 1617408 530090106 575062312 141748966 7563037 580289540 63543 0 0 0 0 0 1811072 0 311878 5997 0 1620343 166 0 3 0 0
