$hpcperfstats 2.4
$hostname node0.mimesys-workload.ldos-ut-pg0.wisc.cloudlab.us
$uname Linux x86_64 5.15.0-168-generic #178-Ubuntu SMP Fri Jan 9 19:05:03 UTC 2026
$uptime 30676
!block rd_ios,E rd_merges,E rd_sectors,E,U=512B rd_ticks,E,U=ms wr_ios,E wr_merges,E wr_sectors,E,U=512B wr_ticks,E,U=ms in_flight io_ticks,E,U=ms time_in_queue,E,U=ms
!cpu user,E,U=cs nice,E,U=cs system,E,U=cs idle,E,U=cs iowait,E,U=cs irq,E,U=cs softirq,E,U=cs
!ib excessive_buffer_overrun_errors,E,W=32 link_downed,E,W=32 link_error_recovery,E,W=32 local_link_integrity_errors,E,W=32 port_rcv_constraint_errors,E,W=32 port_rcv_data,E,U=4B,W=32 port_rcv_errors,E,W=32 port_rcv_packets,E,W=32 port_rcv_remote_physical_errors,E,W=32 port_rcv_switch_relay_errors,E,W=32 port_xmit_constraint_errors,E,W=32 port_xmit_data,E,U=4B,W=32 port_xmit_discards,E,W=32 port_xmit_packets,E,W=32 port_xmit_wait,E,U=ms,W=32 symbol_error,E,W=32 VL15_dropped,E,W=32
!ib_ext port_select,C counter_select,C port_xmit_data,E,U=4B port_rcv_data,E,U=4B port_xmit_pkts,E port_rcv_pkts,E port_unicast_xmit_pkts,E port_unicast_rcv_pkts,E port_multicast_xmit_pkts,E port_multicast_rcv_pkts,E
!ib_sw rx_bytes,E,U=4B rx_packets,E tx_bytes,E,U=4B tx_packets,E
!mem MemTotal,U=KB MemFree,U=KB MemUsed,U=KB Active,U=KB Inactive,U=KB Dirty,U=KB Writeback,U=KB FilePages,U=KB Mapped,U=KB AnonPages,U=KB PageTables,U=KB NFS_Unstable,U=KB Bounce,U=KB Slab,U=KB AnonHugePages,U=KB HugePages_Total HugePages_Free
!net collisions,E multicast,E rx_bytes,E,U=B rx_compressed,E rx_crc_errors,E rx_dropped,E rx_errors,E rx_fifo_errors,E rx_frame_errors,E rx_length_errors,E rx_missed_errors,E rx_over_errors,E rx_packets,E tx_aborted_errors,E tx_bytes,E,U=B tx_carrier_errors,E tx_compressed,E tx_dropped,E tx_errors,E tx_fifo_errors,E tx_heartbeat_errors,E tx_packets,E tx_window_errors,E
!numa numa_hit,E numa_miss,E numa_foreign,E interleave_hit,E local_node,E other_node,E
!ps ctxt,E processes,E load_1 load_5 load_15 nr_running nr_threads
!sysv_shm mem_used,U=B segs_used
!tmpfs bytes_used,U=B files_used
!vfs dentry_use file_use inode_use
!vm nr_anon_transparent_hugepages pgpgin,E,U=KB pgpgout,E,U=KB pswpin,E pswpout,E pgalloc_normal,E pgfree,E pgactivate,E pgdeactivate,E pgfault,E pgmajfault,E pgrefill_normal,E pgsteal_normal,E pgscan_kswapd_normal,E pgscan_direct_normal,E pginodesteal,E slabs_scanned,E kswapd_steal,E kswapd_inodesteal,E pageoutrun,E allocstall,E pgrotated,E thp_fault_alloc,E thp_fault_fallback,E thp_collapse_alloc,E thp_collapse_alloc_failed,E thp_split,E

1778475895.297945 0 node0.mimesys-workload.ldos-ut-pg0.wisc.cloudlab.us
%begin -
block sda 511720 209521 41482807 293101 2635017 17766192 868917465 12870351 0 2224928 13425327
block sdb 494 0 7540 455 4 0 0 0 0 576 456
cpu 11 168187 0 52584 2829468 6812 0 5
cpu 10 194538 2 47456 2809456 8884 0 4
cpu 13 163764 0 47836 2838976 6490 0 4
cpu 12 166889 0 46884 2837556 6942 0 2
cpu 15 165539 2 45698 2839643 6470 0 3
cpu 14 159349 0 46917 2845507 6454 0 4
cpu 17 150714 0 45844 2854478 6655 0 1
cpu 16 160537 0 44341 2847852 5880 0 1
cpu 19 131448 0 31972 2888827 6201 0 1
cpu 18 177732 5 32392 2842818 5748 0 2
cpu 1 184265 0 35838 2824171 8156 0 759
cpu 0 217934 45 35708 2766131 9959 0 1152
cpu 3 203320 0 52044 2792993 7425 0 596
cpu 2 197933 0 48021 2800837 9225 0 190
cpu 5 203476 0 52550 2793935 7335 0 455
cpu 4 197600 1 53258 2797836 7818 0 113
cpu 7 170389 0 51550 2828778 6438 0 540
cpu 6 193471 0 51750 2804836 7715 0 327
cpu 9 161819 0 51370 2834633 7655 0 376
cpu 8 157190 0 57649 2835083 6031 0 337
mem 1 99033092 97151264 1881828 51488 1229556 8 0 1097052 71076 184044 3408 0 0 175420 0 0 0
mem 0 97636988 61704220 35932768 581344 34199724 24 0 34304024 1817348 480612 9324 0 0 462540 4096 0 0
net lo 0 0 3065437 0 0 0 0 0 0 0 0 0 24875 0 3065437 0 0 0 0 0 0 24875 0
net vnet36 0 0 35486 0 0 0 0 0 0 0 0 0 209 0 38147 0 0 0 0 0 0 214 0
net eno1 0 152756 40329408120 0 0 355 0 0 0 0 0 0 30209464 0 1212175335 0 0 0 0 0 0 5957004 0
net virbr0 0 741 9961793586 0 0 0 0 0 0 0 0 0 39723625 0 38381006351 0 0 0 0 0 0 23514287 0
numa 1 103172529 18781169 10118603 29535 103128270 18825411
numa 0 102620768 10118603 18781169 29710 102619123 10119854
ps - 489551535 233233 267 355 266 1 720
sysv_shm - 0 0
tmpfs /run/lock 0 6
tmpfs /run 2080768 1098
tmpfs /run/user/20029 0 20
tmpfs /run/qemu 0 1
tmpfs /dev/shm 37615443968 105374
vfs - 133546 2464 183175
vm - 2 20745138 434458732 252296 1617408 233240073 279002510 75899977 6522863 176945762 54624 0 0 0 0 0 1811072 0 311878 5997 0 1617405 76 0 3 0 0

1778475895.342271 0 node0.mimesys-workload.ldos-ut-pg0.wisc.cloudlab.us
block sda 511721 209521 41483063 293102 2635017 17766192 868917465 12870351 0 2224932 13425328
block sdb 494 0 7540 455 4 0 0 0 0 576 456
cpu 11 168188 0 52584 2829472 6812 0 5
cpu 10 194539 2 47457 2809459 8884 0 4
cpu 13 163764 0 47836 2838980 6490 0 4
cpu 12 166890 0 46885 2837559 6942 0 2
cpu 15 165539 2 45699 2839646 6470 0 3
cpu 14 159351 0 46918 2845510 6454 0 4
cpu 17 150714 0 45844 2854483 6655 0 1
cpu 16 160537 0 44341 2847857 5880 0 1
cpu 19 131448 0 31972 2888830 6201 0 1
cpu 18 177732 5 32392 2842822 5748 0 2
cpu 1 184265 0 35839 2824175 8156 0 759
cpu 0 217934 45 35709 2766135 9959 0 1152
cpu 3 203320 0 52045 2792997 7425 0 596
cpu 2 197933 0 48022 2800841 9225 0 190
cpu 5 203476 0 52550 2793940 7335 0 455
cpu 4 197600 1 53258 2797841 7818 0 113
cpu 7 170389 0 51550 2828782 6438 0 540
cpu 6 193471 0 51750 2804841 7715 0 327
cpu 9 161819 0 51370 2834638 7655 0 376
cpu 8 157190 0 57649 2835088 6031 0 337
mem 1 99033092 97150760 1882332 51484 1230868 8 0 1097052 71072 185352 3352 0 0 175420 0 0 0
mem 0 97636988 61703972 35933016 581344 34200144 24 0 34304024 1817996 481096 9464 0 0 462540 4096 0 0
net lo 0 0 3067267 0 0 0 0 0 0 0 0 0 24887 0 3067267 0 0 0 0 0 0 24887 0
net vnet36 0 0 35486 0 0 0 0 0 0 0 0 0 209 0 38147 0 0 0 0 0 0 214 0
net eno1 0 152756 40329408668 0 0 355 0 0 0 0 0 0 30209469 0 1212175537 0 0 0 0 0 0 5957006 0
net virbr0 0 741 9961793586 0 0 0 0 0 0 0 0 0 39723625 0 38381006351 0 0 0 0 0 0 23514287 0
numa 1 103173747 18781169 10118603 29535 103129488 18825411
numa 0 102621543 10118603 18781169 29710 102619898 10119854
ps - 489551662 233244 267 355 266 3 728
sysv_shm - 0 0
tmpfs /run/lock 0 6
tmpfs /run 2080768 1098
tmpfs /run/user/20029 0 20
tmpfs /run/qemu 0 1
tmpfs /dev/shm 37615443968 105374
vfs - 133559 2544 183207
vm - 2 20745266 434458732 252296 1617408 233242095 279003498 75899980 6522863 176948861 54624 0 0 0 0 0 1811072 0 311878 5997 0 1617405 76 0 3 0 0

1778475896.380268 0 node0.mimesys-workload.ldos-ut-pg0.wisc.cloudlab.us
block sda 511725 209521 41483335 293103 2635053 17766218 868918241 12870356 0 2224964 13425335
block sdb 494 0 7540 455 4 0 0 0 0 576 456
cpu 11 168189 0 52587 2829571 6812 0 5
cpu 10 194541 2 47462 2809557 8884 0 4
cpu 13 163767 0 47839 2839078 6490 0 4
cpu 12 166894 0 46887 2837656 6942 0 2
cpu 15 165540 2 45701 2839745 6470 0 3
cpu 14 159354 0 46922 2845608 6454 0 4
cpu 17 150714 0 45848 2854581 6655 0 1
cpu 16 160538 0 44343 2847958 5880 0 1
cpu 19 131448 0 31972 2888932 6201 0 1
cpu 18 177732 5 32394 2842925 5748 0 2
cpu 1 184266 0 35843 2824274 8156 0 759
cpu 0 218021 45 35710 2766148 9959 0 1152
cpu 3 203320 0 52046 2793100 7425 0 596
cpu 2 197936 0 48023 2800939 9225 0 190
cpu 5 203476 0 52551 2794041 7335 0 455
cpu 4 197604 1 53259 2797939 7818 0 113
cpu 7 170389 0 51551 2828884 6438 0 540
cpu 6 193471 0 51752 2804942 7715 0 327
cpu 9 161820 0 51370 2834740 7655 0 376
cpu 8 157190 0 57650 2835190 6031 0 337
mem 1 99033092 97142952 1890140 51928 1231812 132 0 1097396 71340 186552 4268 0 0 175428 0 0 0
mem 0 97636988 61700472 35936516 581348 34199588 220 0 34304052 1818148 480272 8620 0 0 462540 4096 0 0
net lo 0 0 3068434 0 0 0 0 0 0 0 0 0 24895 0 3068434 0 0 0 0 0 0 24895 0
net vnet36 0 0 43582 0 0 0 0 0 0 0 0 0 253 0 46829 0 0 0 0 0 0 247 0
net eno1 0 152765 40329414351 0 0 355 0 0 0 0 0 0 30209555 0 1212177203 0 0 0 0 0 0 5957014 0
net virbr0 0 741 9961801066 0 0 0 0 0 0 0 0 0 39723669 0 38381015033 0 0 0 0 0 0 23514320 0
numa 1 103181795 18781169 10118603 29535 103137536 18825411
numa 0 102625466 10118603 18781169 29710 102623821 10119854
ps - 489554446 233335 267 355 266 3 724
sysv_shm - 0 0
tmpfs /run/lock 0 6
tmpfs /run 2080768 1098
tmpfs /run/user/20029 0 20
tmpfs /run/qemu 0 1
tmpfs /dev/shm 37615443968 105374
vfs - 133567 2624 183292
vm - 2 20745402 434459120 252296 1617408 233254077 279015562 75900044 6522863 176967313 54624 0 0 0 0 0 1811072 0 311878 5997 0 1617405 76 0 3 0 0

1778475897.420315 0 node0.mimesys-workload.ldos-ut-pg0.wisc.cloudlab.us
block sda 511732 209521 41483703 293106 2635057 17766218 868918273 12870357 0 2224980 13425339
block sdb 494 0 7540 455 4 0 0 0 0 576 456
cpu 11 168191 0 52590 2829671 6812 0 5
cpu 10 194542 2 47464 2809657 8884 0 4
cpu 13 163768 0 47840 2839179 6490 0 4
cpu 12 166897 0 46889 2837756 6942 0 2
cpu 15 165542 2 45702 2839846 6470 0 3
cpu 14 159356 0 46925 2845708 6454 0 4
cpu 17 150716 0 45850 2854683 6655 0 1
cpu 16 160540 0 44345 2848058 5880 0 1
cpu 19 131449 0 31974 2889034 6201 0 1
cpu 18 177733 5 32395 2843026 5748 0 2
cpu 1 184266 0 35845 2824375 8156 0 759
cpu 0 218125 45 35711 2766148 9959 0 1152
cpu 3 203321 0 52046 2793203 7425 0 596
cpu 2 197936 0 48024 2801042 9225 0 190
cpu 5 203477 0 52552 2794144 7335 0 455
cpu 4 197604 1 53262 2798040 7818 0 113
cpu 7 170389 0 51552 2828988 6438 0 540
cpu 6 193472 0 51753 2805044 7715 0 327
cpu 9 161820 0 51370 2834843 7655 0 376
cpu 8 157190 0 57650 2835294 6031 0 337
mem 1 99033092 97142448 1890644 51932 1230540 180 0 1097404 70992 185080 3468 0 0 175452 0 0 0
mem 0 97636988 61698208 35938780 581364 34201232 288 0 34305188 1818144 480872 9032 0 0 462548 4096 0 0
net lo 0 0 3068991 0 0 0 0 0 0 0 0 0 24899 0 3068991 0 0 0 0 0 0 24899 0
net vnet36 0 0 45516 0 0 0 0 0 0 0 0 0 264 0 47879 0 0 0 0 0 0 257 0
net eno1 0 152765 40329421488 0 0 355 0 0 0 0 0 0 30209666 0 1212177614 0 0 0 0 0 0 5957018 0
net virbr0 0 741 9961802846 0 0 0 0 0 0 0 0 0 39723680 0 38381016031 0 0 0 0 0 0 23514329 0
numa 1 103189126 18781169 10118603 29535 103144867 18825411
numa 0 102627638 10118603 18781169 29710 102625993 10119854
ps - 489556502 233418 267 355 266 2 725
sysv_shm - 0 0
tmpfs /run/lock 0 6
tmpfs /run 2080768 1098
tmpfs /run/user/20029 0 20
tmpfs /run/qemu 0 1
tmpfs /dev/shm 37615443968 105374
vfs - 133553 2584 183201
vm - 2 20745586 434459136 252296 1617408 233263543 279025116 75900048 6522863 176981854 54624 0 0 0 0 0 1811072 0 311878 5997 0 1617405 76 0 3 0 0

1778475898.457875 0 node0.mimesys-workload.ldos-ut-pg0.wisc.cloudlab.us
block sda 511740 209525 41483930 293110 2635417 17766378 868928353 12870385 0 2225036 13425372
block sdb 494 0 7540 455 4 0 0 0 0 576 456
cpu 11 168193 0 52593 2829769 6812 0 5
cpu 10 194544 2 47466 2809756 8884 0 4
cpu 13 163769 0 47842 2839280 6490 0 4
cpu 12 166902 0 46893 2837852 6942 0 2
cpu 15 165543 2 45704 2839946 6470 0 3
cpu 14 159357 0 46927 2845807 6454 0 4
cpu 17 150718 0 45853 2854781 6655 0 1
cpu 16 160541 0 44347 2848159 5880 0 1
cpu 19 131450 0 31976 2889135 6201 0 1
cpu 18 177734 5 32395 2843129 5748 0 2
cpu 1 184267 0 35846 2824478 8156 0 759
cpu 0 218227 45 35712 2766148 9959 0 1152
cpu 3 203321 0 52047 2793306 7425 0 596
cpu 2 197940 0 48026 2801140 9225 0 190
cpu 5 203478 0 52552 2794246 7335 0 455
cpu 4 197604 1 53262 2798144 7818 0 113
cpu 7 170389 0 51552 2829091 6438 0 540
cpu 6 193472 0 51754 2805147 7715 0 327
cpu 9 161820 0 51370 2834946 7655 0 376
cpu 8 157190 0 57650 2835397 6031 0 337
mem 1 99033092 97140684 1892408 51940 1231744 200 0 1097404 71304 186476 4016 0 0 175548 0 0 0
mem 0 97636988 61694684 35942304 581364 34203428 320 0 34307564 1821376 481128 8820 0 0 462548 4096 0 0
net lo 0 0 3070158 0 0 0 0 0 0 0 0 0 24907 0 3070158 0 0 0 0 0 0 24907 0
net vnet36 0 0 48454 0 0 0 0 0 0 0 0 0 278 0 51569 0 0 0 0 0 0 269 0
net eno1 0 152775 40329427705 0 0 355 0 0 0 0 0 0 30209760 0 1212179086 0 0 0 0 0 0 5957025 0
net virbr0 0 741 9961805588 0 0 0 0 0 0 0 0 0 39723694 0 38381019721 0 0 0 0 0 0 23514341 0
numa 1 103196977 18781169 10118603 29535 103152718 18825411
numa 0 102631873 10118603 18781169 29710 102630228 10119854
ps - 489560715 233505 267 355 266 2 724
sysv_shm - 0 0
tmpfs /run/lock 0 6
tmpfs /run 2080768 1098
tmpfs /run/user/20029 0 20
tmpfs /run/qemu 0 1
tmpfs /dev/shm 37615443968 105374
vfs - 133557 2544 183213
vm - 2 20745699 434464176 252296 1617408 233275628 279036265 75900053 6522863 176998927 54624 0 0 0 0 0 1811072 0 311878 5997 0 1617405 76 0 3 0 0

1778475899.495965 0 node0.mimesys-workload.ldos-ut-pg0.wisc.cloudlab.us
block sda 512387 209525 41632778 293399 2635417 17766378 868928353 12870385 0 2226000 13425661
block sdb 494 0 7540 455 4 0 0 0 0 576 456
cpu 11 168194 0 52594 2829870 6812 0 5
cpu 10 194547 2 47469 2809855 8884 0 4
cpu 13 163770 0 47845 2839381 6490 0 4
cpu 12 166903 0 46894 2837953 6942 0 2
cpu 15 165544 2 45708 2840046 6470 0 3
cpu 14 159358 0 46930 2845907 6454 0 4
cpu 17 150722 0 45857 2854877 6655 0 1
cpu 16 160542 0 44349 2848260 5880 0 1
cpu 19 131452 0 31977 2889236 6201 0 1
cpu 18 177737 5 32396 2843230 5748 0 2
cpu 1 184267 0 35846 2824580 8156 0 759
cpu 0 218308 45 35735 2766148 9959 0 1152
cpu 3 203322 0 52048 2793408 7425 0 596
cpu 2 197940 0 48026 2801243 9225 0 190
cpu 5 203478 0 52553 2794349 7335 0 455
cpu 4 197605 1 53262 2798247 7818 0 113
cpu 7 170390 0 51552 2829194 6438 0 540
cpu 6 193472 0 51754 2805250 7715 0 327
cpu 9 161821 0 51371 2835049 7655 0 376
cpu 8 157191 0 57650 2835500 6031 0 337
mem 1 99033092 97139676 1893416 51948 1230956 212 0 1097408 71132 185744 4072 0 0 175412 0 0 0
mem 0 97636988 61537944 36099044 581380 34357788 332 0 34461868 1975048 480244 8952 0 0 462544 4096 0 0
net lo 0 0 3070715 0 0 0 0 0 0 0 0 0 24911 0 3070715 0 0 0 0 0 0 24911 0
net vnet36 0 0 50388 0 0 0 0 0 0 0 0 0 289 0 52619 0 0 0 0 0 0 279 0
net eno1 0 152775 40329434329 0 0 355 0 0 0 0 0 0 30209857 0 1212180595 0 0 0 0 0 0 5957032 0
net virbr0 0 741 9961807368 0 0 0 0 0 0 0 0 0 39723705 0 38381020719 0 0 0 0 0 0 23514350 0
numa 1 103204478 18781169 10118603 29535 103160219 18825411
numa 0 102674783 10118603 18781169 29710 102673138 10119854
ps - 489566771 233586 270 354 266 2 724
sysv_shm - 0 0
tmpfs /run/lock 0 6
tmpfs /run 2080768 1098
tmpfs /run/user/20029 0 20
tmpfs /run/qemu 0 1
tmpfs /dev/shm 37615443968 105374
vfs - 133564 2544 183283
vm - 2 20820507 434464176 252296 1617408 233326093 279048042 75900060 6522863 177051709 54624 0 0 0 0 0 1811072 0 311878 5997 0 1617405 76 0 3 0 0

1778475900.535926 0 node0.mimesys-workload.ldos-ut-pg0.wisc.cloudlab.us
block sda 512927 209525 41761210 293622 2635520 17766378 868929289 12870394 0 2226968 13425893
block sdb 494 0 7540 455 4 0 0 0 0 576 456
cpu 11 168198 0 52598 2829966 6812 0 5
cpu 10 194548 2 47471 2809954 8884 0 4
cpu 13 163774 0 47848 2839478 6490 0 4
cpu 12 166910 0 46895 2838050 6942 0 2
cpu 15 165548 2 45710 2840144 6470 0 3
cpu 14 159360 0 46932 2846007 6454 0 4
cpu 17 150724 0 45858 2854978 6655 0 1
cpu 16 160544 0 44351 2848361 5880 0 1
cpu 19 131453 0 31979 2889336 6201 0 1
cpu 18 177738 5 32400 2843327 5748 0 2
cpu 1 184269 0 35848 2824681 8156 0 759
cpu 0 218390 45 35756 2766148 9959 0 1152
cpu 3 203322 0 52048 2793511 7425 0 596
cpu 2 197941 0 48027 2801346 9225 0 190
cpu 5 203482 0 52554 2794448 7335 0 455
cpu 4 197607 1 53263 2798349 7818 0 113
cpu 7 170391 0 51553 2829297 6438 0 540
cpu 6 193472 0 51754 2805354 7715 0 327
cpu 9 161821 0 51372 2835152 7655 0 376
cpu 8 157191 0 57652 2835602 6031 0 337
mem 1 99033092 97136656 1896436 51936 1232040 64 0 1097408 71392 186700 3652 0 0 175364 0 0 0
mem 0 97636988 61406028 36230960 581496 34501520 56 0 34604816 2118572 481664 9552 0 0 462560 4096 0 0
net lo 0 0 3071882 0 0 0 0 0 0 0 0 0 24919 0 3071882 0 0 0 0 0 0 24919 0
net vnet36 0 0 54894 0 0 0 0 0 0 0 0 0 311 0 56933 0 0 0 0 0 0 296 0
net eno1 0 152785 40329440840 0 0 355 0 0 0 0 0 0 30209956 0 1212181107 0 0 0 0 0 0 5957037 0
net virbr0 0 741 9961811566 0 0 0 0 0 0 0 0 0 39723727 0 38381024981 0 0 0 0 0 0 23514366 0
numa 1 103213548 18781169 10118603 29535 103169289 18825411
numa 0 102715084 10118603 18781169 29710 102713439 10119854
ps - 489573454 233680 270 354 266 3 724
sysv_shm - 0 0
tmpfs /run/lock 0 6
tmpfs /run 2080768 1098
tmpfs /run/user/20029 0 20
tmpfs /run/qemu 0 1
tmpfs /dev/shm 37615443968 105374
vfs - 133555 2544 183192
vm - 2 20884595 434464644 252296 1617408 233375465 279061065 75900066 6522863 177105161 54624 0 0 0 0 0 1811072 0 311878 5997 0 1617405 76 0 3 0 0

1778475901.574089 0 node0.mimesys-workload.ldos-ut-pg0.wisc.cloudlab.us
block sda 513592 209525 41917322 293919 2635561 17766400 868930289 12870414 1 2227972 13426209
block sdb 494 0 7540 455 4 0 0 0 0 576 456
cpu 11 168198 0 52601 2830067 6812 0 5
cpu 10 194549 2 47473 2810055 8884 0 4
cpu 13 163774 0 47849 2839579 6490 0 4
cpu 12 166916 0 46896 2838147 6942 0 2
cpu 15 165548 2 45712 2840244 6470 0 3
cpu 14 159361 0 46936 2846107 6454 0 4
cpu 17 150726 0 45862 2855076 6655 0 1
cpu 16 160544 0 44354 2848462 5880 0 1
cpu 19 131454 0 31982 2889435 6201 0 1
cpu 18 177739 5 32401 2843429 5748 0 2
cpu 1 184270 0 35850 2824781 8156 0 759
cpu 0 218477 45 35774 2766148 9959 0 1152
cpu 3 203322 0 52048 2793614 7425 0 596
cpu 2 197942 0 48028 2801447 9225 0 190
cpu 5 203483 0 52555 2794551 7335 0 455
cpu 4 197607 1 53264 2798451 7818 0 113
cpu 7 170391 0 51553 2829401 6438 0 540
cpu 6 193474 0 51754 2805457 7715 0 327
cpu 9 161822 0 51373 2835255 7655 0 376
cpu 8 157192 0 57652 2835705 6031 0 337
mem 1 99033092 97135396 1897696 51948 1230856 84 0 1097408 71092 185456 3780 0 0 175316 0 0 0
mem 0 97636988 61236936 36400052 581560 34668460 120 0 34772668 2285424 480800 9800 0 0 462568 4096 0 0
net lo 0 0 3072439 0 0 0 0 0 0 0 0 0 24923 0 3072439 0 0 0 0 0 0 24923 0
net vnet36 0 0 55458 0 0 0 0 0 0 0 0 0 317 0 57359 0 0 0 0 0 0 301 0
net eno1 0 152785 40329447149 0 0 355 0 0 0 0 0 0 30210053 0 1212182482 0 0 0 0 0 0 5957043 0
net virbr0 0 741 9961812046 0 0 0 0 0 0 0 0 0 39723733 0 38381025407 0 0 0 0 0 0 23514371 0
numa 1 103220714 18781169 10118603 29535 103176455 18825411
numa 0 102761924 10118603 18781169 29710 102760279 10119854
ps - 489580169 233766 270 354 266 3 727
sysv_shm - 0 0
tmpfs /run/lock 0 6
tmpfs /run 2080768 1098
tmpfs /run/user/20029 0 20
tmpfs /run/qemu 0 1
tmpfs /dev/shm 37615443968 105374
vfs - 133558 2544 183224
vm - 2 20962907 434465144 252296 1617408 233429460 279073241 75900069 6522863 177161499 54624 0 0 0 0 0 1811072 0 311878 5997 0 1617405 76 0 3 0 0

1778475902.613580 0 node0.mimesys-workload.ldos-ut-pg0.wisc.cloudlab.us
block sda 513862 209525 41978586 294039 2635573 17766400 868930457 12870417 0 2228472 13426333
block sdb 494 0 7540 455 4 0 0 0 0 576 456
cpu 11 168202 0 52604 2830164 6812 0 5
cpu 10 194549 2 47474 2810158 8884 0 4
cpu 13 163775 0 47851 2839681 6490 0 4
cpu 12 166917 0 46900 2838245 6942 0 2
cpu 15 165549 2 45714 2840343 6470 0 3
cpu 14 159362 0 46940 2846208 6454 0 4
cpu 17 150729 0 45867 2855171 6655 0 1
cpu 16 160546 0 44355 2848563 5880 0 1
cpu 19 131455 0 31984 2889537 6201 0 1
cpu 18 177740 5 32402 2843530 5748 0 2
cpu 1 184270 0 35852 2824882 8156 0 759
cpu 0 218548 45 35786 2766168 9959 0 1152
cpu 3 203322 0 52050 2793716 7425 0 596
cpu 2 197946 0 48030 2801545 9225 0 190
cpu 5 203483 0 52556 2794654 7335 0 455
cpu 4 197608 1 53264 2798554 7818 0 113
cpu 7 170391 0 51553 2829504 6438 0 540
cpu 6 193474 0 51755 2805560 7715 0 327
cpu 9 161822 0 51374 2835357 7655 0 376
cpu 8 157192 0 57653 2835808 6031 0 337
mem 1 99033092 97148040 1885052 51960 1231412 108 0 1097408 71216 186012 4048 0 0 175276 0 0 0
mem 0 97636988 61160584 36476404 581680 34743560 164 0 34847316 2359912 481140 10032 0 0 462592 4096 0 0
net lo 0 0 3073606 0 0 0 0 0 0 0 0 0 24931 0 3073606 0 0 0 0 0 0 24931 0
net vnet36 0 0 60598 0 0 0 0 0 0 0 0 0 346 0 62099 0 0 0 0 0 0 323 0
net eno1 0 152796 40329453612 0 0 355 0 0 0 0 0 0 30210151 0 1212184368 0 0 0 0 0 0 5957051 0
net virbr0 0 742 9961816780 0 0 0 0 0 0 0 0 0 39723762 0 38381030095 0 0 0 0 0 0 23514392 0
numa 1 103228661 18781169 10118603 29535 103184402 18825411
numa 0 102784274 10118603 18781169 29710 102782629 10119854
ps - 489584319 233854 270 354 266 1 727
sysv_shm - 0 0
tmpfs /run/lock 0 6
tmpfs /run 2080768 1098
tmpfs /run/user/20029 0 20
tmpfs /run/qemu 0 1
tmpfs /dev/shm 37615443968 105374
vfs - 133565 2584 183288
vm - 2 20993027 434465228 252296 1617408 233459714 279085072 75900081 6522863 177196670 54624 0 0 0 0 0 1811072 0 311878 5997 0 1617405 76 0 3 0 0

1778475903.653622 0 node0.mimesys-workload.ldos-ut-pg0.wisc.cloudlab.us
block sda 513862 209525 41978586 294039 2635574 17766400 868930473 12870417 0 2228476 13426333
block sdb 494 0 7540 455 4 0 0 0 0 576 456
cpu 11 168202 0 52605 2830266 6812 0 5
cpu 10 194550 2 47474 2810260 8884 0 4
cpu 13 163777 0 47852 2839783 6490 0 4
cpu 12 166920 0 46903 2838343 6942 0 2
cpu 15 165550 2 45715 2840446 6470 0 3
cpu 14 159363 0 46940 2846311 6454 0 4
cpu 17 150729 0 45868 2855273 6655 0 1
cpu 16 160548 0 44356 2848664 5880 0 1
cpu 19 131456 0 31986 2889637 6201 0 1
cpu 18 177742 5 32403 2843631 5748 0 2
cpu 1 184272 0 35852 2824983 8156 0 759
cpu 0 218559 45 35790 2766254 9959 0 1152
cpu 3 203322 0 52052 2793818 7425 0 596
cpu 2 197947 0 48031 2801646 9225 0 190
cpu 5 203484 0 52559 2794754 7335 0 455
cpu 4 197608 1 53265 2798656 7818 0 113
cpu 7 170392 0 51554 2829606 6438 0 540
cpu 6 193475 0 51756 2805661 7715 0 327
cpu 9 161822 0 51375 2835460 7655 0 376
cpu 8 157198 0 57655 2835904 6031 0 337
mem 1 99033092 97161584 1871508 51948 1229412 120 0 1097412 71140 184044 3668 0 0 175308 0 0 0
mem 0 97636988 61168564 36468424 581704 34745988 196 0 34847316 2360708 483904 10516 0 0 462592 4096 0 0
net lo 0 0 3074773 0 0 0 0 0 0 0 0 0 24939 0 3074773 0 0 0 0 0 0 24939 0
net vnet36 0 0 63734 0 0 0 0 0 0 0 0 0 363 0 65789 0 0 0 0 0 0 335 0
net eno1 0 152796 40329460663 0 0 355 0 0 0 0 0 0 30210259 0 1212184880 0 0 0 0 0 0 5957056 0
net virbr0 0 742 9961819678 0 0 0 0 0 0 0 0 0 39723779 0 38381033785 0 0 0 0 0 0 23514404 0
numa 1 103233453 18781169 10118603 29535 103189194 18825411
numa 0 102789967 10118603 18781169 29710 102788322 10119854
ps - 489586367 233940 270 354 266 2 727
sysv_shm - 0 0
tmpfs /run/lock 0 6
tmpfs /run 2080768 1098
tmpfs /run/user/20029 0 20
tmpfs /run/qemu 0 1
tmpfs /dev/shm 37615443968 105374
vfs - 133558 2584 183218
vm - 2 20993027 434465236 252296 1617408 233470198 279095196 75900082 6522863 177213019 54624 0 0 0 0 0 1811072 0 311878 5997 0 1617405 76 0 3 0 0

1778475904.694073 0 node0.mimesys-workload.ldos-ut-pg0.wisc.cloudlab.us
block sda 513862 209525 41978586 294039 2635574 17766400 868930473 12870417 0 2228476 13426333
block sdb 494 0 7540 455 4 0 0 0 0 576 456
cpu 11 168203 0 52606 2830368 6812 0 5
cpu 10 194551 2 47476 2810361 8884 0 4
cpu 13 163778 0 47855 2839884 6490 0 4
cpu 12 166920 0 46905 2838444 6942 0 2
cpu 15 165550 2 45716 2840547 6470 0 3
cpu 14 159364 0 46942 2846411 6454 0 4
cpu 17 150730 0 45871 2855372 6655 0 1
cpu 16 160548 0 44358 2848766 5880 0 1
cpu 19 131457 0 31988 2889738 6201 0 1
cpu 18 177743 5 32404 2843733 5748 0 2
cpu 1 184272 0 35853 2825086 8156 0 759
cpu 0 218599 45 35790 2766316 9959 0 1152
cpu 3 203324 0 52054 2793920 7425 0 596
cpu 2 197947 0 48032 2801748 9225 0 190
cpu 5 203485 0 52561 2794856 7335 0 455
cpu 4 197608 1 53266 2798759 7818 0 113
cpu 7 170392 0 51555 2829709 6438 0 540
cpu 6 193476 0 51757 2805764 7715 0 327
cpu 9 161823 0 51377 2835562 7655 0 376
cpu 8 157198 0 57656 2836007 6031 0 337
mem 1 99033092 97159712 1873380 51964 1230836 120 0 1097412 71092 185496 3884 0 0 175364 0 0 0
mem 0 97636988 61166580 36470408 581700 34743236 212 0 34847320 2359964 481228 10368 0 0 462624 4096 0 0
net lo 0 0 3075330 0 0 0 0 0 0 0 0 0 24943 0 3075330 0 0 0 0 0 0 24943 0
net vnet36 0 0 65668 0 0 0 0 0 0 0 0 0 374 0 66839 0 0 0 0 0 0 345 0
net eno1 0 152804 40329466606 0 0 355 0 0 0 0 0 0 30210350 0 1212186397 0 0 0 0 0 0 5957063 0
net virbr0 0 742 9961821458 0 0 0 0 0 0 0 0 0 39723790 0 38381034783 0 0 0 0 0 0 23514413 0
numa 1 103238898 18781169 10118603 29535 103194639 18825411
numa 0 102793514 10118603 18781169 29710 102791869 10119854
ps - 489588213 234021 248 348 265 1 727
sysv_shm - 0 0
tmpfs /run/lock 0 6
tmpfs /run 2080768 1098
tmpfs /run/user/20029 0 20
tmpfs /run/qemu 0 1
tmpfs /dev/shm 37615443968 105374
vfs - 133556 2584 183216
vm - 2 20993027 434465236 252296 1617408 233479190 279104523 75900085 6522863 177226923 54624 0 0 0 0 0 1811072 0 311878 5997 0 1617405 76 0 3 0 0
